timestamp,timestamp_sample,xyz[0],xyz[1],xyz[2]
1777225992369000,1777225992369000,-0.02738756,-0.09119478,-9.835953
1777225992373000,1777225992373000,-0.0013160715,-0.07729418,-9.834504
1777225992421000,1777225992421000,-0.024359837,-0.05113102,-9.8036995
1777225992469000,1777225992469000,-0.00371894,-0.11109229,-9.802077
1777225992521000,1777225992521000,-0.041122425,-0.049895428,-9.857439
1777225992569000,1777225992569000,0.013472298,-0.080473475,-9.792786
1777225992621000,1777225992621000,0.03212032,-0.06779561,-9.858208
1777225992669000,1777225992669000,-0.020278735,-0.09323626,-9.802634
1777225992721000,1777225992721000,0.009989549,-0.09884238,-9.796054
1777225992769000,1777225992769000,-0.025705485,-0.09757425,-9.843809
1777225992821000,1777225992821000,0.0058748564,-0.07286346,-9.787601
1777225992869000,1777225992869000,0.008095464,-0.038496442,-9.844705
1777225992921000,1777225992921000,0.008215454,-0.09079768,-9.81065
1777225992969000,1777225992969000,0.006886545,-0.05204969,-9.792488
1777225993021000,1777225993021000,0.0142384805,-0.027128823,-9.832083
1777225993069000,1777225993069000,-0.028558338,-0.037426516,-9.822901
1777225993121000,1777225993121000,-0.025914684,-0.088081755,-9.843927
1777225993169000,1777225993169000,0.029226186,-0.06584452,-9.820895
1777225993221000,1777225993221000,-0.012337727,-0.081511125,-9.803786
1777225993269000,1777225993269000,0.011944772,-0.08736743,-9.807763
1777225993321000,1777225993321000,-0.027734922,-0.07920801,-9.819436
1777225993369000,1777225993369000,-0.0027347954,-0.039239366,-9.807292
1777225993421000,1777225993421000,-0.004630002,-0.06519838,-9.839624
1777225993469000,1777225993469000,0.031344876,-0.03121532,-9.814998
1777225993521000,1777225993521000,0.019039128,-0.09363055,-9.804652
1777225993569000,1777225993569000,-0.0059779515,-0.047334135,-9.833897
1777225993621000,1777225993621000,0.01332076,-0.0628719,-9.830242
1777225993669000,1777225993669000,0.0061995047,-0.08888118,-9.793153
1777225993721000,1777225993721000,0.01818651,-0.08364195,-9.820599
1777225993769000,1777225993769000,0.008458758,-0.05348569,-9.813797
1777225993821000,1777225993821000,0.0029604558,-0.07970064,-9.792274
1777225993869000,1777225993869000,-0.03310279,-0.08955088,-9.795147
1777225993921000,1777225993921000,-0.02166428,-0.09477617,-9.852013
1777225993969000,1777225993969000,0.036759216,-0.06365704,-9.823985
1777225994021000,1777225994021000,0.008859804,-0.08783454,-9.8628025
1777225994069000,1777225994069000,-0.03992927,-0.07121788,-9.840954
1777225994121000,1777225994121000,-0.0034688092,-0.062186413,-9.768116
1777225994169000,1777225994169000,0.004335746,-0.07483302,-9.796782
1777225994221000,1777225994221000,0.032819025,-0.08659054,-9.803743
1777225994269000,1777225994269000,0.04183961,-0.070169896,-9.829243
1777225994321000,1777225994321000,0.0067114322,-0.057142753,-9.802737
1777225994369000,1777225994369000,-0.005628174,-0.05138817,-9.8232355
1777225994421000,1777225994421000,0.043218076,-0.10206925,-9.797801
1777225994469000,1777225994469000,-0.0023925225,-0.083903424,-9.870247
1777225994521000,1777225994521000,-0.0003273287,-0.038154542,-9.802864
1777225994569000,1777225994569000,0.008815414,-0.067186445,-9.826807
1777225994621000,1777225994621000,0.010481738,-0.07112311,-9.822164
1777225994669000,1777225994669000,-0.008751261,-0.05278832,-9.793762
1777225994721000,1777225994721000,0.03215881,-0.084281,-9.8242655
1777225994769000,1777225994769000,0.047286212,-0.061579812,-9.829171
1777225994821000,1777225994821000,0.018477792,-0.05344248,-9.856122
1777225994869000,1777225994869000,0.027332922,-0.071330845,-9.814371
1777225994921000,1777225994921000,-0.022955216,-0.022975363,-9.788818
1777225994969000,1777225994969000,9.054458e-05,-0.053303644,-9.779587
1777225995021000,1777225995021000,0.040746406,-0.09754611,-9.846033
1777225995069000,1777225995069000,-0.013667511,-0.055024758,-9.84162
1777225995121000,1777225995121000,0.00042202766,-0.08077197,-9.866122
1777225995169000,1777225995169000,0.023215584,-0.07118972,-9.840776
1777225995221000,1777225995221000,0.045317207,-0.06734912,-9.844753
1777225995269000,1777225995269000,-0.024199072,-0.052489884,-9.825804
1777225995321000,1777225995321000,0.024667636,-0.02858549,-9.848954
1777225995369000,1777225995369000,0.019934056,-0.023160856,-9.8582535
1777225995421000,1777225995421000,0.0053044427,-0.053035654,-9.847813
1777225995469000,1777225995469000,0.024789259,-0.07040623,-9.820141
1777225995521000,1777225995521000,0.00013227132,-0.09000044,-9.843576
1777225995569000,1777225995569000,-0.0011899432,-0.045989595,-9.809792
1777225995621000,1777225995621000,0.027940912,-0.08358207,-9.794075
1777225995669000,1777225995669000,-0.014375329,-0.040696234,-9.836181
1777225995721000,1777225995721000,-0.014587432,-0.07320471,-9.830023
1777225995769000,1777225995769000,-0.034221243,-0.024291802,-9.859673
1777225995821000,1777225995821000,0.0015503807,-0.118089736,-9.811821
1777225995869000,1777225995869000,-0.023856338,-0.10094397,-9.775818
1777225995921000,1777225995921000,0.021778066,-0.053472694,-9.83406
1777225995969000,1777225995969000,0.030481514,-0.07817389,-9.800538
1777225996021000,1777225996021000,0.012882778,-0.05545841,-9.810005
1777225996069000,1777225996069000,-0.0061815316,-0.08374344,-9.853887
1777225996121000,1777225996121000,-0.0252364,0.013265405,-9.839289
1777225996169000,1777225996169000,-0.032391112,0.0018018297,-10.01634
1777225996221000,1777225996221000,0.008024991,-0.029922785,-10.125647
1777225996269000,1777225996269000,0.029601816,0.015723018,-10.20602
1777225996321000,1777225996321000,-0.019312931,-0.042490825,-10.312062
1777225996369000,1777225996369000,0.035558514,-0.016115298,-10.377561
1777225996421000,1777225996421000,-0.045909196,-0.023190787,-10.760892
1777225996469000,1777225996469000,0.0018186762,0.003169356,-10.956356
1777225996521000,1777225996521000,-0.026135111,-0.00031192298,-10.858726
1777225996569000,1777225996569000,0.0031808272,-0.03265062,-10.798183
1777225996621000,1777225996621000,0.034045894,0.0044209184,-10.78615
1777225996669000,1777225996669000,-0.06165427,-0.04143932,-10.824965
1777225996721000,1777225996721000,-0.02039325,-0.044797413,-10.780646
1777225996769000,1777225996769000,0.012513941,0.011410618,-10.634612
1777225996821000,1777225996821000,0.0049047666,-0.0040002903,-10.704652
1777225996869000,1777225996869000,0.013876448,0.014279649,-10.680478
1777225996921000,1777225996921000,-0.03000291,0.02311869,-10.647343
1777225996969000,1777225996969000,0.01203905,-0.03506552,-10.609873
1777225997021000,1777225997021000,-0.038909853,-0.04829394,-10.55118
1777225997069000,1777225997069000,-0.027886797,-0.026338246,-10.674623
1777225997121000,1777225997121000,0.025148345,-0.01936719,-10.577691
1777225997169000,1777225997169000,-0.009255624,-0.045000784,-10.538669
1777225997221000,1777225997221000,-0.039950542,0.018572448,-10.565201
1777225997269000,1777225997269000,0.0023351638,-0.04450081,-10.540811
1777225997321000,1777225997321000,0.028483035,0.010607771,-10.57885
1777225997369000,1777225997369000,-0.0068790633,-0.016515385,-10.475614
1777225997421000,1777225997421000,-0.015891708,-0.033382345,-10.526643
1777225997469000,1777225997469000,-0.015385308,-0.03472438,-10.550778
1777225997521000,1777225997521000,-0.055977352,-0.048877478,-10.571767
1777225997569000,1777225997569000,0.000875836,0.0040584076,-10.444984
1777225997621000,1777225997621000,0.012171997,0.014505593,-10.463119
1777225997669000,1777225997669000,-0.006854831,-0.038156554,-10.516302
1777225997721000,1777225997721000,0.030597335,-0.01775706,-10.481962
1777225997769000,1777225997769000,-0.02291151,0.009342227,-10.444212
1777225997821000,1777225997821000,0.022581719,0.006733402,-10.454214
1777225997869000,1777225997869000,0.02686776,-0.008453445,-10.2322445
1777225997921000,1777225997921000,0.0034692138,-0.03486987,-9.994185
1777225997969000,1777225997969000,0.0034616254,-0.014688571,-9.902555
1777225998021000,1777225998021000,-0.028956229,-0.00687187,-9.962777
1777225998069000,1777225998069000,-0.00041199534,-0.006018532,-9.945479
1777225998121000,1777225998121000,0.05567724,-0.019547319,-9.924126
1777225998169000,1777225998169000,-0.01473171,-0.034047768,-9.924689
1777225998221000,1777225998221000,0.009146903,0.016445337,-9.916462
1777225998269000,1777225998269000,0.034843203,-0.005157213,-9.965252
1777225998321000,1777225998321000,0.02880991,0.042143606,-9.924454
1777225998369000,1777225998369000,-0.069595166,-0.011320226,-9.920124
1777225998421000,1777225998421000,-0.023757836,0.03484504,-9.950078
1777225998469000,1777225998469000,-0.033467993,-0.021249369,-9.898326
1777225998521000,1777225998521000,0.014378128,-0.0244487,-9.882143
1777225998569000,1777225998569000,-0.013159915,-0.01615899,-9.871141
1777225998621000,1777225998621000,-0.0031422293,-0.004598652,-9.9161215
1777225998669000,1777225998669000,0.02711043,0.032232255,-9.923512
1777225998721000,1777225998721000,0.026658654,0.047937922,-9.9242115
1777225998769000,1777225998769000,0.01373299,0.025960859,-9.889671
1777225998821000,1777225998821000,0.012954332,0.024126608,-9.863878
1777225998869000,1777225998869000,0.040841468,-0.033368334,-9.919725
1777225998921000,1777225998921000,-0.034497593,0.0060089035,-9.86739
1777225998969000,1777225998969000,-0.038943574,-0.019000921,-9.859219
1777225999021000,1777225999021000,-0.01641621,-0.0046749576,-9.914067
1777225999069000,1777225999069000,-0.039627485,-0.026312374,-9.896372
1777225999121000,1777225999121000,0.0023441848,0.023687813,-9.880299
1777225999169000,1777225999169000,0.04349107,0.010707522,-9.851727
1777225999221000,1777225999221000,0.020819245,0.017679678,-9.902994
1777225999269000,1777225999269000,-0.029030267,0.009213258,-9.875825
1777225999321000,1777225999321000,-0.04070824,-0.021411425,-9.8508835
1777225999369000,1777225999369000,0.01262043,-0.042853735,-9.807543
1777225999421000,1777225999421000,0.017195988,0.027664678,-9.907873
1777225999469000,1777225999469000,0.00931412,-0.013187079,-9.92819
1777225999521000,1777225999521000,0.004441955,-0.022883914,-9.874893
1777225999569000,1777225999569000,0.04927361,0.030781759,-9.846091
1777225999621000,1777225999621000,-0.020800263,0.016148413,-9.870495
1777225999669000,1777225999669000,0.017484628,-0.01218405,-9.931524
1777225999721000,1777225999721000,0.017965976,0.023397665,-9.887569
1777225999769000,1777225999769000,-0.050388657,-0.0046761264,-9.81566
1777225999821000,1777225999821000,-0.008682601,0.03321107,-9.8962965
1777225999869000,1777225999869000,0.02581318,0.0020024453,-9.912827
1777225999921000,1777225999921000,-0.0016347556,0.017297402,-9.853917
1777225999969000,1777225999969000,0.061687358,-0.011254187,-9.7942295
1777226000021000,1777226000021000,-0.026329288,0.005616459,-9.874897
1777226000069000,1777226000069000,-0.0040959315,0.007724752,-9.851603
1777226000121000,1777226000121000,0.028422946,-0.018183783,-9.834493
1777226000169000,1777226000169000,0.048723932,0.035156038,-9.82456
1777226000221000,1777226000221000,0.0017047984,-0.024337238,-9.832557
1777226000269000,1777226000269000,0.024793059,-0.030796614,-9.864399
1777226000321000,1777226000321000,0.019523822,0.018964067,-9.8967495
1777226000369000,1777226000369000,-0.010856977,0.030952219,-9.820999
1777226000421000,1777226000421000,0.045272328,0.027279977,-9.891582
1777226000469000,1777226000469000,0.028407639,0.017301297,-9.881723
1777226000521000,1777226000521000,0.007024199,0.03612563,-9.865431
1777226000569000,1777226000569000,0.0505262,0.009196998,-9.807981
1777226000621000,1777226000621000,0.0034985174,-0.0019355124,-9.875325
1777226000669000,1777226000669000,0.02345625,0.014962148,-9.862857
1777226000721000,1777226000721000,0.027212549,-0.009197915,-9.81667
1777226000769000,1777226000769000,-0.016463742,-0.0059363553,-9.809467
1777226000821000,1777226000821000,0.028137695,0.0383184,-9.872241
1777226000869000,1777226000869000,0.017795948,0.02870781,-9.871336
1777226000921000,1777226000921000,0.02255881,0.012604597,-9.886283
1777226000969000,1777226000969000,-0.031816415,-0.0109546445,-9.805517
1777226001021000,1777226001021000,0.023690362,-0.0216188,-9.840031
1777226001069000,1777226001069000,-0.018629601,0.0015260822,-9.858455
1777226001121000,1777226001121000,-0.019515214,-0.037246637,-9.810209
1777226001169000,1777226001169000,-0.015557589,0.008619802,-9.761734
1777226001221000,1777226001221000,0.034616344,-0.001894789,-9.808462
1777226001269000,1777226001269000,-0.016224956,-0.014023769,-9.881545
1777226001321000,1777226001321000,0.0062260735,-0.003311959,-9.816116
1777226001369000,1777226001369000,0.0054568043,0.023332935,-9.772204
1777226001421000,1777226001421000,0.025968019,-0.04242439,-9.838504
1777226001469000,1777226001469000,0.035347104,0.039254,-9.8372965
1777226001521000,1777226001521000,-0.0589287,-0.010517497,-9.8369875
1777226001569000,1777226001569000,0.007347272,-0.009887199,-9.792789
1777226001621000,1777226001621000,-0.0017229295,0.023352927,-9.804309
1777226001669000,1777226001669000,-0.0007189944,-0.0033329453,-9.844242
1777226001721000,1777226001721000,-0.007720369,-0.008316982,-9.831349
1777226001769000,1777226001769000,0.008867115,-0.007352496,-9.807498
1777226001821000,1777226001821000,-0.021915788,-0.0053140577,-9.88114
1777226001869000,1777226001869000,0.056766838,0.015907636,-9.825295
1777226001921000,1777226001921000,0.0025500683,0.031039493,-9.882811
1777226001969000,1777226001969000,-0.039577946,-0.0008249318,-9.817899
1777226002021000,1777226002021000,-0.015342364,-0.04656776,-9.834416
1777226002069000,1777226002069000,-0.019047303,-0.02488618,-9.8510065
1777226002121000,1777226002121000,0.007758163,-0.02062715,-9.834803
1777226002169000,1777226002169000,0.0009664963,0.0038152933,-9.788271
1777226002221000,1777226002221000,-0.0065348633,0.024442764,-9.841021
1777226002269000,1777226002269000,0.015632438,-0.009866612,-9.868799
1777226002321000,1777226002321000,-0.0041659093,0.0170539,-9.854181
1777226002369000,1777226002369000,-0.042437404,0.0069148326,-9.768347
1777226002421000,1777226002421000,-0.023728574,-0.022445908,-9.827793
1777226002469000,1777226002469000,0.022487003,-0.008523463,-9.84988
1777226002521000,1777226002521000,0.006718008,-0.028889734,-9.863304
1777226002569000,1777226002569000,-0.037447583,-0.014223784,-9.790742
1777226002621000,1777226002621000,-0.051014863,-0.023346122,-9.831631
1777226002669000,1777226002669000,0.021572651,-0.020182054,-9.824539
1777226002721000,1777226002721000,-0.058170266,-0.0217803,-9.807763
1777226002769000,1777226002769000,-0.0006681727,0.03914917,-9.845142
1777226002821000,1777226002821000,0.012055928,-0.022150306,-9.833368
1777226002869000,1777226002869000,0.015443899,-0.009444249,-9.818831
1777226002921000,1777226002921000,-0.008499869,-0.012582667,-9.807765
1777226002969000,1777226002969000,0.044944134,-0.0024564096,-9.755568
1777226003021000,1777226003021000,0.024684902,0.01038671,-9.829
1777226003069000,1777226003069000,0.032933094,-0.012286266,-9.834686
1777226003121000,1777226003121000,0.012362742,0.008100526,-9.793415
1777226003169000,1777226003169000,0.013789721,0.0120700225,-9.820024
1777226003221000,1777226003221000,0.020309577,0.034434065,-9.831295
1777226003269000,1777226003269000,-0.0071126856,-0.026795685,-9.858766
1777226003321000,1777226003321000,0.0011707253,0.024701517,-9.781086
1777226003369000,1777226003369000,0.014780716,0.019107852,-9.796038
1777226003421000,1777226003421000,0.0049641347,0.024242159,-9.840031
1777226003469000,1777226003469000,0.02764765,-0.004085198,-9.844915
1777226003521000,1777226003521000,0.0034650848,0.036108665,-9.829022
1777226003569000,1777226003569000,0.018495101,0.01838884,-9.753738
1777226003621000,1777226003621000,0.029003294,-0.04667017,-9.786135
1777226003669000,1777226003669000,0.018094853,0.0046246867,-9.814341
1777226003721000,1777226003721000,0.027232625,0.00087062875,-9.814312
1777226003769000,1777226003769000,0.017922662,0.009367755,-9.801277
1777226003821000,1777226003821000,0.012722332,0.0144605115,-9.763174
1777226003869000,1777226003869000,0.005179645,0.021648966,-9.861206
1777226003921000,1777226003921000,-0.002051917,-0.011184436,-9.832608
1777226003969000,1777226003969000,0.023565289,0.056382924,-9.794188
1777226004021000,1777226004021000,0.007893732,0.023260502,-9.837168
1777226004069000,1777226004069000,0.023517454,-0.0022871688,-9.8191595
1777226004121000,1777226004121000,0.01106473,0.016618844,-9.844087
1777226004169000,1777226004169000,-0.0079943165,0.03244995,-9.883088
1777226004221000,1777226004221000,0.0040544793,-0.0125663895,-10.116481
1777226004269000,1777226004269000,0.04527384,0.051697575,-10.352383
1777226004321000,1777226004321000,0.022068372,0.033915877,-10.568426
1777226004369000,1777226004369000,0.00839747,0.022711532,-10.677165
1777226004421000,1777226004421000,0.0028204871,0.06341649,-10.928163
1777226004469000,1777226004469000,-0.007913252,0.021748722,-11.134268
1777226004521000,1777226004521000,-0.00881984,0.0077262092,-11.178373
1777226004569000,1777226004569000,-0.004394333,-0.014472961,-10.924432
1777226004621000,1777226004621000,0.018643273,0.030022627,-10.686307
1777226004669000,1777226004669000,0.041548777,0.0024026765,-10.546762
1777226004721000,1777226004721000,0.016315555,0.015886601,-10.356134
1777226004769000,1777226004769000,-0.02422953,-0.013207409,-10.075739
1777226004821000,1777226004821000,0.002572733,-0.017941447,-9.929094
1777226004869000,1777226004869000,0.0033246102,-0.041506253,-9.725584
1777226004921000,1777226004921000,-0.023239229,-0.021331364,-9.462585
1777226004969000,1777226004969000,0.030389957,0.0032071187,-9.3147955
1777226005021000,1777226005021000,0.0074785417,0.0055827154,-9.125485
1777226005069000,1777226005069000,0.03583028,0.027970806,-8.9087105
1777226005121000,1777226005121000,-0.004951289,0.0012726432,-8.719383
1777226005169000,1777226005169000,0.05144427,0.029051002,-8.529893
1777226005221000,1777226005221000,0.00322355,-0.01234307,-8.35976
1777226005269000,1777226005269000,-0.035200328,-0.0007123947,-8.290106
1777226005321000,1777226005321000,0.0034591365,-0.010472633,-8.392819
1777226005369000,1777226005369000,0.03279432,-0.026936281,-8.555293
1777226005421000,1777226005421000,0.039775833,0.018300585,-8.629537
1777226005469000,1777226005469000,-0.007827952,-0.0001715445,-8.73656
1777226005521000,1777226005521000,0.03710345,-0.012484785,-8.828285
1777226005569000,1777226005569000,0.007543228,-0.04490574,-8.888853
1777226005621000,1777226005621000,0.028713385,-0.0282146,-8.938294
1777226005669000,1777226005669000,-0.005879016,0.00779787,-9.010005
1777226005721000,1777226005721000,-0.008283624,-0.01177218,-9.038384
1777226005769000,1777226005769000,0.007486021,-0.0024062623,-9.114639
1777226005821000,1777226005821000,-0.031993084,-0.027676504,-9.209194
1777226005869000,1777226005869000,0.02330669,0.01717567,-9.2130575
1777226005921000,1777226005921000,-0.006665526,0.005176786,-9.240299
1777226005969000,1777226005969000,-0.022910804,0.026026335,-9.234587
1777226006021000,1777226006021000,0.008132652,-0.035502397,-9.2747965
1777226006069000,1777226006069000,-0.015597776,0.0045802947,-9.282
1777226006121000,1777226006121000,0.0036018218,0.0371819,-9.354437
1777226006169000,1777226006169000,0.009697628,0.009342516,-9.284626
1777226006221000,1777226006221000,-0.023920914,-0.0011282677,-9.329845
1777226006269000,1777226006269000,0.008247618,-0.012454409,-9.307051
1777226006321000,1777226006321000,-0.03168624,-0.02605921,-9.344467
1777226006369000,1777226006369000,0.0018246262,0.053895943,-9.341719
1777226006421000,1777226006421000,-0.0033042775,-0.032875124,-9.378939
1777226006469000,1777226006469000,-0.0017816953,0.0421625,-9.429169
1777226006521000,1777226006521000,0.06695022,0.011476842,-9.420314
1777226006569000,1777226006569000,-0.012069421,-0.013972399,-9.404726
1777226006621000,1777226006621000,0.008001313,-0.008089989,-9.458924
1777226006669000,1777226006669000,0.0040221103,-0.03562042,-9.416865
1777226006721000,1777226006721000,0.0707541,-0.021455424,-9.4201565
1777226006769000,1777226006769000,0.030535905,0.017608196,-9.480448
1777226006821000,1777226006821000,-0.015940325,0.013280787,-9.412691
1777226006869000,1777226006869000,0.02079421,-0.040238038,-9.529541
1777226006921000,1777226006921000,0.029847492,-0.034838025,-9.465336
1777226006969000,1777226006969000,-0.010065415,-0.019151725,-9.480873
1777226007021000,1777226007021000,-0.008341944,-0.00838324,-9.4829645
1777226007069000,1777226007069000,0.033898726,0.019676937,-9.53795
1777226007121000,1777226007121000,-0.0059240516,-0.0072785993,-9.537615
1777226007169000,1777226007169000,0.018222036,0.026491355,-9.522263
1777226007221000,1777226007221000,-0.0074321316,-0.0570205,-9.541011
1777226007269000,1777226007269000,-0.015105945,-0.009071095,-9.533846
1777226007321000,1777226007321000,0.015923172,-0.027761195,-9.586529
1777226007369000,1777226007369000,-0.007266081,0.04143649,-9.546787
1777226007421000,1777226007421000,0.007990124,-0.03430965,-9.619068
1777226007469000,1777226007469000,0.020719156,0.018259658,-9.637593
1777226007521000,1777226007521000,-0.03647671,-0.017416287,-9.536724
1777226007569000,1777226007569000,-0.02278648,-0.032933246,-9.642883
1777226007621000,1777226007621000,0.00077693607,-0.023468789,-9.610868
1777226007669000,1777226007669000,0.00869019,0.025673324,-9.596878
1777226007721000,1777226007721000,0.016440323,-0.015056599,-9.618976
1777226007769000,1777226007769000,0.016142305,-0.038933884,-9.66856
1777226007821000,1777226007821000,0.0050045904,-0.01334586,-9.612633
1777226007869000,1777226007869000,-0.0031122807,0.0152304135,-9.615668
1777226007921000,1777226007921000,0.049915686,-0.021805564,-9.661358
1777226007969000,1777226007969000,0.017757064,-0.00095042284,-9.686811
1777226008021000,1777226008021000,0.009698587,-0.0015151384,-9.653042
1777226008069000,1777226008069000,0.027560387,-0.021612834,-9.61985
1777226008121000,1777226008121000,0.02746159,-0.0029755416,-9.645845
1777226008169000,1777226008169000,-0.008073319,-0.011770196,-9.621483
1777226008221000,1777226008221000,-0.011806281,-0.06547327,-9.741902
1777226008269000,1777226008269000,-0.031049153,0.0051900838,-9.68667
1777226008321000,1777226008321000,-0.017666204,-0.009124356,-9.68397
1777226008369000,1777226008369000,-0.033309802,-0.01835099,-9.711069
1777226008421000,1777226008421000,0.016651735,0.03672315,-9.783023
1777226008469000,1777226008469000,0.0073222993,-0.039455533,-9.777906
1777226008521000,1777226008521000,-0.030458363,0.003961131,-9.835405
1777226008569000,1777226008569000,-0.047822185,-0.08283055,-9.821229
1777226008621000,1777226008621000,-0.064972706,-0.037875764,-9.844488
1777226008669000,1777226008669000,-0.020313479,-0.014136702,-9.912519
1777226008721000,1777226008721000,-0.022393554,-0.06524093,-9.977813
1777226008769000,1777226008769000,-0.09168336,0.014179037,-9.95786
1777226008821000,1777226008821000,-0.033838626,0.040419225,-10.066243
1777226008869000,1777226008869000,-0.0500468,-0.041092943,-10.063405
1777226008921000,1777226008921000,-0.022847483,-0.042667363,-10.006219
1777226008969000,1777226008969000,-0.024128133,0.023169987,-10.014999
1777226009021000,1777226009021000,-0.02766369,0.009924831,-10.071928
1777226009069000,1777226009069000,-0.06826988,0.012092044,-10.0678425
1777226009121000,1777226009121000,-0.00051260483,-0.024790622,-10.045486
1777226009169000,1777226009169000,-0.014058676,0.012477687,-10.0708
1777226009221000,1777226009221000,-0.052408893,-0.026404228,-10.075184
1777226009269000,1777226009269000,-0.058858685,-0.008008593,-10.064152
1777226009321000,1777226009321000,-0.093196064,-0.007309187,-10.091393
1777226009369000,1777226009369000,-0.06842403,-0.0073295007,-10.150573
1777226009421000,1777226009421000,-0.069303066,0.008338813,-10.166824
1777226009469000,1777226009469000,-0.08591739,0.0003348292,-10.174254
1777226009521000,1777226009521000,-0.03908535,-0.039356478,-10.145361
1777226009569000,1777226009569000,-0.10185676,0.046756137,-10.1579275
1777226009621000,1777226009621000,-0.06391329,0.02135363,-10.132607
1777226009669000,1777226009669000,-0.09869899,0.03171571,-10.140036
1777226009721000,1777226009721000,-0.10046309,0.042884346,-10.233158
1777226009769000,1777226009769000,-0.14087945,0.016211182,-10.113207
1777226009821000,1777226009821000,-0.123013854,0.038129188,-10.150938
1777226009869000,1777226009869000,-0.17652105,0.07702007,-10.145136
1777226009921000,1777226009921000,-0.19649138,-0.004788346,-10.073466
1777226009969000,1777226009969000,-0.21711843,-0.01432342,-10.000271
1777226010021000,1777226010021000,-0.18673961,0.020378122,-10.059245
1777226010069000,1777226010069000,-0.22553903,0.02057885,-9.963692
1777226010121000,1777226010121000,-0.20793943,0.07373597,-9.969101
1777226010169000,1777226010169000,-0.19548194,0.025716588,-9.964103
1777226010221000,1777226010221000,-0.28031528,-0.0072290786,-10.085653
1777226010269000,1777226010269000,-0.29593053,0.031456653,-10.10176
1777226010321000,1777226010321000,-0.2672562,0.069138065,-10.103947
1777226010369000,1777226010369000,-0.26416233,0.018768601,-10.0576935
1777226010421000,1777226010421000,-0.29037896,0.029426727,-10.045533
1777226010469000,1777226010469000,-0.3292489,0.015150069,-10.0465355
1777226010521000,1777226010521000,-0.30949175,0.0047264467,-9.957106
1777226010569000,1777226010569000,-0.32937047,0.011790143,-9.975504
1777226010621000,1777226010621000,-0.36994898,0.008776785,-9.946406
1777226010669000,1777226010669000,-0.36427847,0.037116583,-9.944326
1777226010721000,1777226010721000,-0.3558091,-0.0052110543,-9.94627
1777226010769000,1777226010769000,-0.3752957,-0.006363865,-9.967519
1777226010821000,1777226010821000,-0.37689096,0.007663359,-9.980253
1777226010869000,1777226010869000,-0.31151807,0.02870718,-9.947446
1777226010921000,1777226010921000,-0.31820977,0.011177706,-9.904193
1777226010969000,1777226010969000,-0.3225687,0.04875437,-9.925215
1777226011021000,1777226011021000,-0.3127038,0.035348043,-9.878436
1777226011069000,1777226011069000,-0.3415203,0.060176305,-9.916964
1777226011121000,1777226011121000,-0.3548438,0.03790724,-9.881856
1777226011169000,1777226011169000,-0.34823045,-0.0046852822,-9.875307
1777226011221000,1777226011221000,-0.35272235,0.030770235,-9.927227
1777226011269000,1777226011269000,-0.35766768,0.039272703,-9.940024
1777226011321000,1777226011321000,-0.305787,0.028093306,-9.870447
1777226011369000,1777226011369000,-0.25854975,0.03385595,-9.879112
1777226011421000,1777226011421000,-0.29502147,0.03001951,-9.839372
1777226011469000,1777226011469000,-0.20618613,0.03596509,-9.854322
1777226011521000,1777226011521000,-0.31722593,0.050460868,-9.886789
1777226011569000,1777226011569000,-0.27886838,0.008812627,-9.934849
1777226011621000,1777226011621000,-0.2986938,-0.006374215,-9.883972
1777226011669000,1777226011669000,-0.28380847,-0.010679552,-9.900068
1777226011721000,1777226011721000,-0.28402063,-0.0032937871,-9.867668
1777226011769000,1777226011769000,-0.27049154,-0.04411855,-9.846414
1777226011821000,1777226011821000,-0.31568983,0.034498323,-9.843786
1777226011869000,1777226011869000,-0.30509612,0.0022770846,-9.844566
1777226011921000,1777226011921000,-0.30863395,0.029289009,-9.861841
1777226011969000,1777226011969000,-0.3304748,0.02334122,-9.869947
1777226012021000,1777226012021000,-0.29809415,-0.0012881251,-9.84464
1777226012069000,1777226012069000,-0.26528987,0.008099888,-9.825527
1777226012121000,1777226012121000,-0.26026922,-0.0005385198,-9.839151
1777226012169000,1777226012169000,-0.27976435,0.04206014,-9.816883
1777226012221000,1777226012221000,-0.31626204,0.020181982,-9.802655
1777226012269000,1777226012269000,-0.30744997,0.02825569,-9.788654
1777226012321000,1777226012321000,-0.2940898,-0.016250184,-9.835793
1777226012369000,1777226012369000,-0.32678276,-0.023681102,-9.832954
1777226012421000,1777226012421000,-0.3136624,-0.027185377,-9.84035
1777226012469000,1777226012469000,-0.279545,0.030469565,-9.8320675
1777226012521000,1777226012521000,-0.2895705,-0.06301135,-9.771713
1777226012569000,1777226012569000,-0.3276762,0.004519565,-9.837502
1777226012621000,1777226012621000,-0.34475628,-0.051969215,-9.818386
1777226012669000,1777226012669000,-0.341857,-0.03241763,-9.847759
1777226012721000,1777226012721000,-0.26210245,0.021914072,-9.781872
1777226012769000,1777226012769000,-0.25025046,-0.010922978,-9.805637
1777226012821000,1777226012821000,-0.24950424,-0.006888273,-9.817478
1777226012869000,1777226012869000,-0.25394472,-0.024696235,-9.812499
1777226012921000,1777226012921000,-0.2765374,-0.018150147,-9.820951
1777226012969000,1777226012969000,-0.31442,-0.021953702,-9.773529
1777226013021000,1777226013021000,-0.26539043,0.0064035696,-9.797731
1777226013069000,1777226013069000,-0.27245474,-0.040957432,-9.836459
1777226013121000,1777226013121000,-0.27040496,-0.013083061,-9.80698
1777226013169000,1777226013169000,-0.24909286,-0.014633533,-9.760811
1777226013221000,1777226013221000,-0.27210456,-0.016805459,-9.851616
1777226013269000,1777226013269000,-0.25132915,-0.0023019742,-9.813135
1777226013321000,1777226013321000,-0.2566177,-0.053825967,-9.811613
1777226013369000,1777226013369000,-0.29365954,0.015024063,-9.780151
1777226013421000,1777226013421000,-0.2999813,-0.06657144,-9.746449
1777226013469000,1777226013469000,-0.2931656,0.0115256915,-9.798422
1777226013521000,1777226013521000,-0.25119117,0.005201778,-9.817175
1777226013569000,1777226013569000,-0.2539652,0.01989117,-9.819704
1777226013621000,1777226013621000,-0.26930237,-0.059840266,-9.819537
1777226013669000,1777226013669000,-0.28101468,-0.010715197,-9.847604
1777226013721000,1777226013721000,-0.2942397,-0.02110006,-9.758953
1777226013769000,1777226013769000,-0.26179287,-0.033041134,-9.781548
1777226013821000,1777226013821000,-0.27589744,-0.026730543,-9.790118
1777226013869000,1777226013869000,-0.33255377,-0.042920694,-9.809885
1777226013921000,1777226013921000,-0.33955756,-0.047561884,-9.835083
1777226013969000,1777226013969000,-0.34253716,-0.035485122,-9.834342
1777226014021000,1777226014021000,-0.36746365,-0.01850957,-9.755313
1777226014069000,1777226014069000,-0.30954403,-0.0437101,-9.768585
1777226014121000,1777226014121000,-0.2809496,0.02635021,-9.800314
1777226014169000,1777226014169000,-0.27309376,-0.05193743,-9.796396
1777226014221000,1777226014221000,-0.3126849,-6.613764e-05,-9.793734
1777226014269000,1777226014269000,-0.29013598,-0.0071685645,-9.759931
1777226014321000,1777226014321000,-0.281783,0.010927723,-9.808344
1777226014369000,1777226014369000,-0.29670957,-0.031206392,-9.822201
1777226014421000,1777226014421000,-0.31207028,-0.00761065,-9.802512
1777226014469000,1777226014469000,-0.27404872,-0.020828215,-9.802756
1777226014521000,1777226014521000,-0.30016476,0.058883224,-9.804518
1777226014569000,1777226014569000,-0.23276734,-0.029352922,-9.838979
1777226014621000,1777226014621000,-0.3194156,-0.003725368,-9.779833
1777226014669000,1777226014669000,-0.30572414,0.008867688,-9.79822
1777226014721000,1777226014721000,-0.3515116,-0.012887239,-9.771629
1777226014769000,1777226014769000,-0.34150475,-0.021960445,-9.811666
1777226014821000,1777226014821000,-0.28076878,-0.0356106,-9.83068
1777226014869000,1777226014869000,-0.3295906,-0.034633625,-9.7790785
1777226014921000,1777226014921000,-0.3577432,-0.053182773,-9.82131
1777226014969000,1777226014969000,-0.38948947,-0.078329094,-9.789202
1777226015021000,1777226015021000,-0.41295546,-0.0135954395,-9.811715
1777226015069000,1777226015069000,-0.3432862,-0.0681917,-9.771484
1777226015121000,1777226015121000,-0.36647588,-0.061479732,-9.792165
1777226015169000,1777226015169000,-0.45033664,-0.065124325,-9.761658
1777226015221000,1777226015221000,-0.38195306,-0.037269767,-9.779121
1777226015269000,1777226015269000,-0.42554313,-0.083007544,-9.842991
1777226015321000,1777226015321000,-0.4105398,-0.09209592,-9.783916
1777226015369000,1777226015369000,-0.4307909,-0.10089573,-9.77276
1777226015421000,1777226015421000,-0.39746696,-0.05508902,-9.743467
1777226015469000,1777226015469000,-0.37551823,-0.045720197,-9.781172
1777226015521000,1777226015521000,-0.36334044,-0.029767688,-9.779154
1777226015569000,1777226015569000,-0.38297495,-0.06442297,-9.785561
1777226015621000,1777226015621000,-0.38222083,-0.06377528,-9.820831
1777226015669000,1777226015669000,-0.39803442,-0.032196254,-9.797129
1777226015721000,1777226015721000,-0.41132572,-0.07977788,-9.812741
1777226015769000,1777226015769000,-0.36485648,-0.055188708,-9.789658
1777226015821000,1777226015821000,-0.39793187,-0.024912167,-9.814899
1777226015869000,1777226015869000,-0.42773408,-0.046813216,-9.815908
1777226015921000,1777226015921000,-0.43219587,-0.07687729,-9.816387
1777226015969000,1777226015969000,-0.3799073,-0.077599026,-9.772814
1777226016021000,1777226016021000,-0.3782603,-0.090847805,-9.811102
1777226016069000,1777226016069000,-0.350814,-0.037925735,-9.797423
1777226016121000,1777226016121000,-0.38762224,-0.04253166,-9.83179
1777226016169000,1777226016169000,-0.33198506,-0.029901378,-9.795319
1777226016221000,1777226016221000,-0.35191542,-0.008312169,-9.781121
1777226016269000,1777226016269000,-0.2973625,-0.07452974,-9.820089
1777226016321000,1777226016321000,-0.3464276,-0.07846944,-9.837191
1777226016369000,1777226016369000,-0.38781905,-0.03220342,-9.837495
1777226016421000,1777226016421000,-0.37208173,-0.045682676,-9.805561
1777226016469000,1777226016469000,-0.34523493,-0.057752572,-9.802333
1777226016521000,1777226016521000,-0.39888933,-0.07843946,-9.803017
1777226016569000,1777226016569000,-0.381679,-0.04016439,-9.839192
1777226016621000,1777226016621000,-0.42410165,-0.06663215,-9.742163
1777226016669000,1777226016669000,-0.40363586,-0.11270859,-9.792902
1777226016721000,1777226016721000,-0.40969563,-0.050075807,-9.792395
1777226016769000,1777226016769000,-0.35560906,-0.021599399,-9.808142
1777226016821000,1777226016821000,-0.39321497,-0.07240227,-9.789927
1777226016869000,1777226016869000,-0.40527725,-0.013614418,-9.85803
1777226016921000,1777226016921000,-0.3890349,-0.045372814,-9.808451
1777226016969000,1777226016969000,-0.38879848,-0.052454457,-9.794914
1777226017021000,1777226017021000,-0.40841687,-0.076502845,-9.820099
1777226017069000,1777226017069000,-0.3593366,-0.050818663,-9.819531
1777226017121000,1777226017121000,-0.3935393,-0.07264401,-9.803542
1777226017169000,1777226017169000,-0.3478011,-0.056828763,-9.795641
1777226017221000,1777226017221000,-0.39615494,-0.04419384,-9.818639
1777226017269000,1777226017269000,-0.43827868,-0.08103,-9.838695
1777226017321000,1777226017321000,-0.4084059,-0.049077623,-9.795639
1777226017369000,1777226017369000,-0.40245396,-0.06570363,-9.830171
1777226017421000,1777226017421000,-0.42084384,-0.07877852,-9.806975
1777226017469000,1777226017469000,-0.40447655,-0.069787905,-9.82448
1777226017521000,1777226017521000,-0.3901425,-0.118770346,-9.800322
1777226017569000,1777226017569000,-0.3953154,-0.105260044,-9.772411
1777226017621000,1777226017621000,-0.41311616,-0.09122622,-9.840858
1777226017669000,1777226017669000,-0.39078888,-0.0444797,-9.844183
1777226017721000,1777226017721000,-0.3880372,-0.092632934,-9.74751
1777226017769000,1777226017769000,-0.33638296,-0.072575904,-9.822205
1777226017821000,1777226017821000,-0.41102624,-0.06650592,-9.813738
1777226017869000,1777226017869000,-0.36838156,-0.035896644,-9.813126
1777226017921000,1777226017921000,-0.41343325,-0.08281994,-9.821028
1777226017969000,1777226017969000,-0.43867865,-0.042894535,-9.784579
1777226018021000,1777226018021000,-0.3467599,-0.035261646,-9.805557
1777226018069000,1777226018069000,-0.3293589,-0.044628732,-9.7690735
1777226018121000,1777226018121000,-0.3553932,-0.046302333,-9.774471
1777226018169000,1777226018169000,-0.37471944,-0.103436045,-9.7606325
1777226018221000,1777226018221000,-0.3849608,-0.043079123,-9.812747
1777226018269000,1777226018269000,-0.44310343,-0.08065629,-9.794188
1777226018321000,1777226018321000,-0.39504343,-0.0865342,-9.803939
1777226018369000,1777226018369000,-0.4308681,-0.09714343,-9.747031
1777226018421000,1777226018421000,-0.4542746,-0.084601626,-9.782121
1777226018469000,1777226018469000,-0.4575885,-0.12057162,-9.791508
1777226018521000,1777226018521000,-0.48930317,-0.12181113,-9.780482
1777226018569000,1777226018569000,-0.38741273,-0.110706516,-9.742489
1777226018621000,1777226018621000,-0.39480913,-0.0930008,-9.728921
1777226018669000,1777226018669000,-0.4262089,-0.09241639,-9.781078
1777226018721000,1777226018721000,-0.44586086,-0.12300561,-9.797055
1777226018769000,1777226018769000,-0.44353253,-0.12954774,-9.786437
1777226018821000,1777226018821000,-0.44166547,-0.10648411,-9.778023
1777226018869000,1777226018869000,-0.40139678,-0.068484545,-9.813377
1777226018921000,1777226018921000,-0.38058388,-0.106689736,-9.751545
1777226018969000,1777226018969000,-0.42725697,-0.054845005,-9.783408
1777226019021000,1777226019021000,-0.4016045,-0.076036274,-9.810401
1777226019069000,1777226019069000,-0.46787298,-0.08191939,-9.779358
1777226019121000,1777226019121000,-0.45348388,-0.093408085,-9.811092
1777226019169000,1777226019169000,-0.39440876,-0.09217729,-9.640714
1777226019221000,1777226019221000,-0.40015632,-0.06055137,-9.66104
1777226019269000,1777226019269000,-0.41067606,-0.097901896,-9.790949
1777226019321000,1777226019321000,-0.36655477,-0.09767621,-9.789092
1777226019369000,1777226019369000,-0.38635272,-0.03956216,-9.787943
1777226019421000,1777226019421000,-0.38388348,-0.07078638,-9.819454
1777226019469000,1777226019469000,-0.3759711,-0.09897593,-9.829035
1777226019521000,1777226019521000,-0.36677966,-0.0034013393,-9.823056
1777226019569000,1777226019569000,-0.3001193,-0.01979766,-9.776244
1777226019621000,1777226019621000,-0.32014918,-0.025145205,-9.83069
1777226019669000,1777226019669000,-0.32675207,-0.050006498,-9.794051
1777226019721000,1777226019721000,-0.36983448,-0.050225563,-9.803769
1777226019769000,1777226019769000,-0.349861,-0.016950443,-9.859591
1777226019821000,1777226019821000,-0.3379574,-0.014776951,-9.785798
1777226019869000,1777226019869000,-0.2947252,-0.060384758,-9.847197
1777226019921000,1777226019921000,-0.32776052,-0.08220034,-9.812534
1777226019969000,1777226019969000,-0.35383713,-0.052145336,-9.7971115
1777226020021000,1777226020021000,-0.3607633,-0.02398736,-9.822634
1777226020069000,1777226020069000,-0.34243342,-0.031136306,-9.785853
1777226020121000,1777226020121000,-0.3576181,-0.05546064,-9.796274
1777226020169000,1777226020169000,-0.34492224,-0.035898045,-9.805898
1777226020221000,1777226020221000,-0.37950122,-0.05490373,-9.796868
1777226020269000,1777226020269000,-0.35474786,-0.060369834,-9.815293
1777226020321000,1777226020321000,-0.3332671,-0.044186145,-9.821725
1777226020369000,1777226020369000,-0.3006659,-0.064887494,-9.7762575
1777226020421000,1777226020421000,-0.32266858,-0.03394548,-9.802664
1777226020469000,1777226020469000,-0.34066635,-0.01806773,-9.824369
1777226020521000,1777226020521000,-0.3272122,-0.007677265,-9.805423
1777226020569000,1777226020569000,-0.30978692,-0.021349829,-9.822992
1777226020621000,1777226020621000,-0.37434238,-0.015091363,-9.837951
1777226020669000,1777226020669000,-0.33490223,-0.017439913,-9.825848
1777226020721000,1777226020721000,-0.26895764,0.036005486,-9.757816
1777226020769000,1777226020769000,-0.3159076,0.0051133735,-9.815135
1777226020821000,1777226020821000,-0.3246547,0.04142371,-9.822889
1777226020869000,1777226020869000,-0.34126246,-0.0021045473,-9.807298
1777226020921000,1777226020921000,-0.36608964,-0.06332618,-9.813633
1777226020969000,1777226020969000,-0.3581635,-0.024966443,-9.827482
1777226021021000,1777226021021000,-0.32361114,-0.0122096315,-9.820608
1777226021069000,1777226021069000,-0.29702315,-0.03946012,-9.835945
1777226021121000,1777226021121000,-0.35821077,-0.0071707983,-9.8154745
1777226021169000,1777226021169000,-0.3730086,-0.033794157,-9.77252
1777226021221000,1777226021221000,-0.35368907,-0.04931122,-9.797991
1777226021269000,1777226021269000,-0.36436775,-0.05590573,-9.826064
1777226021321000,1777226021321000,-0.3407477,-0.036085736,-9.811372
1777226021369000,1777226021369000,-0.3114839,0.01250261,-9.814943
1777226021421000,1777226021421000,-0.31607756,-0.024672855,-9.799621
1777226021469000,1777226021469000,-0.3287546,0.0039572334,-9.817331
1777226021521000,1777226021521000,-0.31051838,0.013398204,-9.82926
1777226021569000,1777226021569000,-0.3002078,-0.00041234936,-9.819221
1777226021621000,1777226021621000,-0.25279164,0.015552867,-9.825226
1777226021669000,1777226021669000,-0.24699667,0.017342875,-9.748962
1777226021721000,1777226021721000,-0.32185805,-0.0059852116,-9.814428
1777226021769000,1777226021769000,-0.28773877,0.05574555,-9.803562
1777226021821000,1777226021821000,-0.23369195,0.024291798,-9.803817
1777226021869000,1777226021869000,-0.23262078,0.052414186,-9.834496
1777226021921000,1777226021921000,-0.27554503,0.052371643,-9.841652
1777226021969000,1777226021969000,-0.29083717,0.020154802,-9.868589
1777226022021000,1777226022021000,-0.2776378,0.0025571547,-9.851839
1777226022069000,1777226022069000,-0.2715768,0.068232976,-9.816719
1777226022121000,1777226022121000,-0.2721035,0.025517937,-9.777344
1777226022169000,1777226022169000,-0.31468844,0.03738578,-9.824108
1777226022221000,1777226022221000,-0.30919796,0.0065654125,-9.827633
1777226022269000,1777226022269000,-0.2804945,0.023611208,-9.793957
1777226022321000,1777226022321000,-0.2639702,0.007691984,-9.791138
1777226022369000,1777226022369000,-0.3138916,0.026762487,-9.788851
1777226022421000,1777226022421000,-0.31282482,0.0019588387,-9.792847
1777226022469000,1777226022469000,-0.3101694,0.009741023,-9.780091
1777226022521000,1777226022521000,-0.28326732,0.0037028862,-9.820254
1777226022569000,1777226022569000,-0.25721523,0.02316888,-9.837077
1777226022621000,1777226022621000,-0.29722077,0.054356586,-9.816739
1777226022669000,1777226022669000,-0.27051678,-0.008000821,-9.809895
1777226022721000,1777226022721000,-0.23096699,0.04291846,-9.821821
1777226022769000,1777226022769000,-0.2685874,0.058979094,-9.811347
1777226022821000,1777226022821000,-0.21186568,0.03564447,-9.814936
1777226022869000,1777226022869000,-0.2520908,0.00031514198,-9.791971
1777226022921000,1777226022921000,-0.29968518,0.04289112,-9.8114805
1777226022969000,1777226022969000,-0.27311355,0.04896546,-9.799847
1777226023021000,1777226023021000,-0.31504616,-0.016012182,-9.824926
1777226023069000,1777226023069000,-0.282588,0.03577648,-9.820662
1777226023121000,1777226023121000,-0.29899144,-0.046601504,-9.828127
1777226023169000,1777226023169000,-0.28768238,0.03682917,-9.782919
1777226023221000,1777226023221000,-0.3331275,-0.013903888,-9.782645
1777226023269000,1777226023269000,-0.2932323,0.022007925,-9.817991
1777226023321000,1777226023321000,-0.32182747,-0.03008517,-9.813463
1777226023369000,1777226023369000,-0.3304382,-0.042359367,-9.823987
1777226023421000,1777226023421000,-0.36709177,-0.066335894,-9.83555
1777226023469000,1777226023469000,-0.33635676,-0.02629156,-9.821685
1777226023521000,1777226023521000,-0.37020576,-0.047889993,-9.832831
1777226023569000,1777226023569000,-0.3728273,-0.02152977,-9.8192425
1777226023621000,1777226023621000,-0.36250055,-0.013698348,-9.810772
1777226023669000,1777226023669000,-0.35885054,-0.031520847,-9.801348
1777226023721000,1777226023721000,-0.35529888,-0.036653966,-9.792467
1777226023769000,1777226023769000,-0.3837143,-0.07482193,-9.785118
1777226023821000,1777226023821000,-0.3691091,-0.08137403,-9.802881
1777226023869000,1777226023869000,-0.39201587,-0.07869102,-9.7934475
1777226023921000,1777226023921000,-0.4542824,-0.048933506,-9.780591
1777226023969000,1777226023969000,-0.3293245,-0.05662006,-9.800862
1777226024021000,1777226024021000,-0.38854274,-0.027251795,-9.802475
1777226024069000,1777226024069000,-0.3572315,-0.046715,-9.807418
1777226024121000,1777226024121000,-0.39371607,-0.056599867,-9.808905
1777226024169000,1777226024169000,-0.3505844,-0.013846945,-9.768524
1777226024221000,1777226024221000,-0.34890282,-0.012742416,-9.80632
1777226024269000,1777226024269000,-0.39009836,-0.040298857,-9.797378
1777226024321000,1777226024321000,-0.34324133,-0.03273563,-9.80702
1777226024369000,1777226024369000,-0.35587043,-0.05963896,-9.844356
1777226024421000,1777226024421000,-0.34681883,-0.023150882,-9.844263
1777226024469000,1777226024469000,-0.34454322,-0.02588748,-9.825225
1777226024521000,1777226024521000,-0.34605956,-0.03256055,-9.799301
1777226024569000,1777226024569000,-0.3440727,-0.028849328,-9.81624
1777226024621000,1777226024621000,-0.35935742,-0.034097087,-9.79302
1777226024669000,1777226024669000,-0.39496794,-0.101398654,-9.805033
1777226024721000,1777226024721000,-0.34309524,-0.014644084,-9.852308
1777226024769000,1777226024769000,-0.36145163,-0.0378601,-9.815496
1777226024821000,1777226024821000,-0.35204637,-0.03262837,-9.797273
1777226024869000,1777226024869000,-0.3166938,-0.084711134,-9.7836075
1777226024921000,1777226024921000,-0.36819142,-0.09652245,-9.805607
1777226024969000,1777226024969000,-0.3101554,-0.01488304,-9.823392
1777226025021000,1777226025021000,-0.3661233,-0.013357951,-9.778653
1777226025069000,1777226025069000,-0.34167382,-0.041618392,-9.859089
1777226025121000,1777226025121000,-0.28561488,-0.019295527,-9.779493
1777226025169000,1777226025169000,-0.31962618,-0.0021963078,-9.782064
1777226025221000,1777226025221000,-0.3076583,-0.01660851,-9.81505
1777226025269000,1777226025269000,-0.312035,-0.0040440876,-9.804888
1777226025321000,1777226025321000,-0.3230873,-0.0033607306,-9.7985525
1777226025369000,1777226025369000,-0.33889288,-0.02091441,-9.812533
1777226025421000,1777226025421000,-0.3519803,-0.03471259,-9.811868
1777226025469000,1777226025469000,-0.3610908,-0.023439087,-9.7886915
1777226025521000,1777226025521000,-0.26669914,-0.0001954087,-9.795126
1777226025569000,1777226025569000,-0.32938942,-0.0043526883,-9.82095
1777226025621000,1777226025621000,-0.30407017,0.0076584937,-9.821571
1777226025669000,1777226025669000,-0.28214195,0.017072432,-9.7875185
1777226025721000,1777226025721000,-0.22697818,0.017453108,-9.804056
1777226025769000,1777226025769000,-0.3164636,0.01698601,-9.812147
1777226025821000,1777226025821000,-0.31587958,-0.020082762,-9.8126135
1777226025869000,1777226025869000,-0.30014503,0.0010199721,-9.812144
1777226025921000,1777226025921000,-0.35942268,-0.020927845,-9.833146
1777226025969000,1777226025969000,-0.36591733,-0.045012034,-9.828873
1777226026021000,1777226026021000,-0.31989804,-0.03888805,-9.857643
1777226026069000,1777226026069000,-0.3793906,-0.024030969,-9.866594
1777226026121000,1777226026121000,-0.35799927,-0.07820874,-9.89501
1777226026169000,1777226026169000,-0.38418722,-0.03913816,-9.910325
1777226026221000,1777226026221000,-0.32015276,-0.017305398,-9.939435
1777226026269000,1777226026269000,-0.31388414,-0.06816659,-10.011845
1777226026321000,1777226026321000,-0.3222458,-0.0011970226,-10.055671
1777226026369000,1777226026369000,-0.26562184,-0.03393942,-10.059217
1777226026421000,1777226026421000,-0.2860944,-0.08109619,-10.1462145
1777226026469000,1777226026469000,-0.26559067,-0.03497361,-10.165695
1777226026521000,1777226026521000,-0.20563827,-0.04012035,-10.210143
1777226026569000,1777226026569000,-0.2581455,-0.027936295,-10.223736
1777226026621000,1777226026621000,-0.20022483,-0.07289163,-10.19145
1777226026669000,1777226026669000,-0.14353813,-0.017559715,-10.204869
1777226026721000,1777226026721000,-0.15008968,-0.023662042,-10.236645
1777226026769000,1777226026769000,-0.13420466,0.021164805,-10.238506
1777226026821000,1777226026821000,-0.123149574,-0.0012712675,-10.206566
1777226026869000,1777226026869000,-0.11494824,-0.022765122,-10.251698
1777226026921000,1777226026921000,-0.021021757,-0.018673195,-10.327759
1777226026969000,1777226026969000,-0.0349178,0.03769277,-10.378233
1777226027021000,1777226027021000,-0.088530645,0.028419297,-10.326744
1777226027069000,1777226027069000,-0.094623044,0.015774408,-10.332558
1777226027121000,1777226027121000,-0.038318645,0.022683512,-10.309059
1777226027169000,1777226027169000,-0.043833006,0.041615337,-10.299597
1777226027221000,1777226027221000,-0.020910302,-0.013523391,-10.280924
1777226027269000,1777226027269000,-0.024212943,0.015628539,-10.224413
1777226027321000,1777226027321000,-0.0441901,0.010926848,-10.274307
1777226027369000,1777226027369000,-0.01454043,0.01836839,-10.253718
1777226027421000,1777226027421000,-0.04402686,-0.007006999,-10.218954
1777226027469000,1777226027469000,-0.024653373,0.01720088,-10.199933
1777226027521000,1777226027521000,0.0075252745,-0.0543923,-10.191938
1777226027569000,1777226027569000,0.011240618,0.0037895394,-10.210172
1777226027621000,1777226027621000,-0.021732515,-0.016808592,-10.167967
1777226027669000,1777226027669000,0.019920401,-0.018552747,-10.136483
1777226027721000,1777226027721000,0.0112127345,-0.0015905923,-10.0928755
1777226027769000,1777226027769000,-0.012644132,0.016714234,-10.131252
1777226027821000,1777226027821000,0.0016263127,0.009151064,-10.071424
1777226027869000,1777226027869000,-0.037424114,-0.004115099,-10.084457
1777226027921000,1777226027921000,-0.01933607,-0.013369164,-10.01694
1777226027969000,1777226027969000,0.013168959,-0.016443599,-10.009272
1777226028021000,1777226028021000,-0.002724084,0.0034860969,-9.991897
1777226028069000,1777226028069000,0.010105216,-0.015085519,-9.9940605
1777226028121000,1777226028121000,-0.0010965336,-0.002612414,-9.975034
1777226028169000,1777226028169000,0.012789197,-0.013918311,-9.978058
1777226028221000,1777226028221000,-0.050334275,0.055393018,-9.942525
1777226028269000,1777226028269000,-0.0101379305,0.0378834,-9.947828
1777226028321000,1777226028321000,0.010875966,0.011437599,-9.942229
1777226028369000,1777226028369000,0.010760067,-0.00045667216,-9.870694
1777226028421000,1777226028421000,-0.0017447541,0.021358194,-9.899178
1777226028469000,1777226028469000,0.015945777,0.0012840764,-9.896168
1777226028521000,1777226028521000,0.021573475,-0.014681599,-9.917369
1777226028569000,1777226028569000,0.005554743,-0.031691156,-9.868478
1777226028621000,1777226028621000,-0.009835421,0.009459624,-9.90699
1777226028669000,1777226028669000,0.012082556,-0.030269787,-9.868475
1777226028721000,1777226028721000,0.012595762,0.01491715,-9.824781
1777226028769000,1777226028769000,0.05426829,-0.0070998054,-9.830685
1777226028821000,1777226028821000,0.00721458,0.040305153,-9.896362
1777226028869000,1777226028869000,0.017017365,0.007930622,-9.880339
1777226028921000,1777226028921000,0.0033638347,-0.0008125588,-9.871036
1777226028969000,1777226028969000,-0.006471703,0.0035978025,-9.872521
1777226029021000,1777226029021000,0.022583168,-0.0049640965,-9.83725
1777226029069000,1777226029069000,0.050127126,-0.013642437,-9.852449
1777226029121000,1777226029121000,0.043002456,0.02570633,-9.859027
1777226029169000,1777226029169000,0.023198288,0.0016800177,-9.883442
1777226029221000,1777226029221000,0.021015093,0.027382493,-9.9056635
1777226029269000,1777226029269000,0.023822252,-0.004605751,-9.848197
1777226029321000,1777226029321000,-0.03005226,0.03841006,-9.897073
1777226029369000,1777226029369000,0.031078115,0.01338099,-9.833441
1777226029421000,1777226029421000,0.010067054,-0.008833766,-9.821451
1777226029469000,1777226029469000,-0.00927253,0.0023816754,-9.888247
1777226029521000,1777226029521000,0.006488231,-0.014641262,-9.83408
1777226029569000,1777226029569000,-0.016989965,0.0023917258,-9.842938
1777226029621000,1777226029621000,-0.021745482,0.00066899904,-9.847986
1777226029669000,1777226029669000,0.030422162,-0.024797516,-9.842021
1777226029721000,1777226029721000,0.012102051,0.018139042,-9.857073
1777226029769000,1777226029769000,-0.0039071124,-0.027811324,-9.811502
1777226029821000,1777226029821000,-0.031011108,0.012505867,-9.848032
1777226029869000,1777226029869000,-0.01035763,-0.016995095,-9.832989
1777226029921000,1777226029921000,0.0075415154,-0.021468015,-9.890308
1777226029969000,1777226029969000,0.01400856,0.0019290034,-9.822667
1777226030021000,1777226030021000,-0.00092931895,0.078772545,-9.853519
1777226030069000,1777226030069000,2.8549228e-05,-0.0070871315,-9.824053
1777226030121000,1777226030121000,-0.0056891167,0.008481811,-9.833115
1777226030169000,1777226030169000,-0.044388287,0.023808662,-9.8183365
1777226030221000,1777226030221000,0.00791326,-0.009183412,-9.866704
1777226030269000,1777226030269000,0.010144677,-0.024463296,-9.836371
1777226030321000,1777226030321000,-0.046597313,0.033332642,-9.81749
1777226030369000,1777226030369000,-0.026039265,-0.021401832,-9.804539
1777226030421000,1777226030421000,-0.025136802,-0.06663981,-9.797885
1777226030469000,1777226030469000,0.014467459,-0.010258493,-9.821373
1777226030521000,1777226030521000,-0.0059700264,0.014852131,-9.793478
1777226030569000,1777226030569000,0.01634226,0.022651605,-9.84538
1777226030621000,1777226030621000,-0.037039388,-0.0056999004,-9.7721405
1777226030669000,1777226030669000,-0.014148506,-0.036349844,-9.769334
1777226030721000,1777226030721000,0.008793496,0.0052709794,-9.724182
1777226030769000,1777226030769000,-0.0310359,0.06191642,-9.794617
1777226030821000,1777226030821000,0.006175002,-0.010164372,-9.779543
1777226030869000,1777226030869000,-0.0112479655,0.01927174,-9.971714
1777226030921000,1777226030921000,-0.0057325964,0.017778257,-10.221139
1777226030969000,1777226030969000,0.040383838,-0.0069340486,-10.3353615
1777226031021000,1777226031021000,0.014177405,-0.008739725,-10.548894
1777226031069000,1777226031069000,0.0025963099,-0.00087213423,-10.70442
1777226031121000,1777226031121000,-0.03116579,-0.051137708,-10.896473
1777226031169000,1777226031169000,-0.009827393,0.0132649215,-10.993644
1777226031221000,1777226031221000,0.021677572,-0.006033455,-11.183727
1777226031269000,1777226031269000,-0.0037715402,0.0061270893,-11.417418
1777226031321000,1777226031321000,-0.014218341,-0.027068008,-11.642809
1777226031369000,1777226031369000,0.012416171,-0.028852733,-11.742336
1777226031421000,1777226031421000,0.0072151544,0.0064427443,-11.987544
1777226031469000,1777226031469000,-0.025951372,-0.020608861,-12.249708
1777226031521000,1777226031521000,-0.011985242,-0.024090227,-12.467033
1777226031569000,1777226031569000,-0.00999977,0.03835731,-12.673502
1777226031621000,1777226031621000,-0.012080834,-0.004472291,-12.896002
1777226031669000,1777226031669000,0.028758861,-0.0045111943,-13.180417
1777226031721000,1777226031721000,0.04331735,-0.015545733,-13.401593
1777226031769000,1777226031769000,-0.010810945,-0.013630977,-13.235703
1777226031821000,1777226031821000,-0.028315414,-0.017167602,-13.010089
1777226031869000,1777226031869000,-0.016871154,0.02474501,-12.839642
1777226031921000,1777226031921000,-0.009751365,-0.01241858,-12.621897
1777226031969000,1777226031969000,0.0009528664,-0.023610996,-12.349721
1777226032021000,1777226032021000,-0.016780026,-0.017842028,-12.148398
1777226032069000,1777226032069000,0.04168162,0.0071966955,-11.942684
1777226032121000,1777226032121000,-0.035524555,0.0010111812,-11.740576
1777226032169000,1777226032169000,0.037637625,0.02635882,-11.508333
1777226032221000,1777226032221000,0.011629002,0.008943234,-11.284631
1777226032269000,1777226032269000,-0.008956681,0.006370558,-11.124371
1777226032321000,1777226032321000,0.06326835,-0.027833832,-10.902257
1777226032369000,1777226032369000,-0.0011346736,-0.02091635,-10.669056
1777226032421000,1777226032421000,0.017759271,0.0237093,-10.5030155
1777226032469000,1777226032469000,0.025148738,-0.011391593,-10.363441
1777226032521000,1777226032521000,0.003016392,-0.009918252,-10.097542
1777226032569000,1777226032569000,-0.004103368,-0.002559957,-9.946708
1777226032621000,1777226032621000,0.029599484,0.00924507,-9.713149
1777226032669000,1777226032669000,-0.0067043686,-0.05096631,-9.674632
1777226032721000,1777226032721000,-0.0038902524,-0.010932859,-9.630949
1777226032769000,1777226032769000,-0.0062342747,-0.04630483,-9.648895
1777226032821000,1777226032821000,0.0038035014,-0.018836726,-9.678158
1777226032869000,1777226032869000,-0.027981456,0.012340835,-9.72187
1777226032921000,1777226032921000,0.022205511,-0.02584268,-9.676437
1777226032969000,1777226032969000,0.020524893,-0.08610664,-9.614456
1777226033021000,1777226033021000,-0.008642049,-0.025676131,-9.649263
1777226033069000,1777226033069000,-0.021153044,-0.058938798,-9.686995
1777226033121000,1777226033121000,-0.0047457353,-0.008390878,-9.633971
1777226033169000,1777226033169000,-0.025467101,-0.030011501,-9.588681
1777226033221000,1777226033221000,0.014476521,-0.009414785,-9.677398
1777226033269000,1777226033269000,-0.020054856,-0.012158111,-9.69318
1777226033321000,1777226033321000,-0.035316136,-0.01177346,-9.708078
1777226033369000,1777226033369000,-4.6761706e-05,-0.019272923,-9.697879
1777226033421000,1777226033421000,-0.01235435,-0.014512464,-9.698301
1777226033469000,1777226033469000,0.00026995363,-0.043942325,-9.665462
1777226033521000,1777226033521000,0.007419437,-0.030377788,-9.740303
1777226033569000,1777226033569000,-0.010126113,-0.013357105,-9.677454
1777226033621000,1777226033621000,0.013209959,-0.047368586,-9.674494
1777226033669000,1777226033669000,-0.014682709,-0.020452585,-9.743729
1777226033721000,1777226033721000,0.013351782,-0.052223876,-9.762859
1777226033769000,1777226033769000,-0.0089260815,-0.0010141009,-9.70461
1777226033821000,1777226033821000,0.011282456,-0.034482516,-9.775553
1777226033869000,1777226033869000,0.039798446,-0.025050957,-9.770153
1777226033921000,1777226033921000,-0.044403087,-0.043826696,-9.74457
1777226033969000,1777226033969000,-0.019790819,-0.03295519,-9.738381
1777226034021000,1777226034021000,-0.0015765998,-0.039071254,-9.823501
1777226034069000,1777226034069000,0.0055852365,-0.030923996,-9.798534
1777226034121000,1777226034121000,-0.013123598,-0.03982571,-9.822312
1777226034169000,1777226034169000,0.0015704499,-0.033794183,-9.797712
1777226034221000,1777226034221000,0.019619886,-0.041760158,-9.756308
1777226034269000,1777226034269000,-0.021098128,-0.055250898,-9.855449
1777226034321000,1777226034321000,-0.016944222,-0.003946844,-9.847583
1777226034369000,1777226034369000,-0.015865639,-0.019710148,-9.785382
1777226034421000,1777226034421000,-0.022120439,-0.03508749,-9.828684
1777226034469000,1777226034469000,-0.01514653,-0.03284079,-9.897647
1777226034521000,1777226034521000,-0.020868428,-0.036857232,-9.899831
1777226034569000,1777226034569000,0.008048258,-0.020501852,-9.760882
1777226034621000,1777226034621000,-0.060077764,-0.036165174,-9.785082
1777226034669000,1777226034669000,0.0146890795,-0.053675,-9.540592
1777226034721000,1777226034721000,-0.03244903,-0.016715478,-9.365602
1777226034769000,1777226034769000,0.0017795747,-0.036920622,-9.111515
1777226034821000,1777226034821000,0.0097220605,-0.032393333,-8.89958
1777226034869000,1777226034869000,-0.004559074,-0.065836936,-8.763164
1777226034921000,1777226034921000,0.0037239513,0.005443595,-8.775676
1777226034969000,1777226034969000,-0.018205766,-0.030519191,-8.74451
1777226035021000,1777226035021000,-0.010790067,-0.023162773,-8.821533
1777226035069000,1777226035069000,-0.011704998,-0.028141476,-8.765005
1777226035121000,1777226035121000,0.01708633,0.002042314,-8.801331
1777226035169000,1777226035169000,-0.0069691516,-0.03449163,-8.786067
1777226035221000,1777226035221000,0.035914116,-0.028758299,-8.869002
1777226035269000,1777226035269000,-0.005484201,-0.06011494,-8.803263
1777226035321000,1777226035321000,0.022096049,-0.059136882,-8.829338
1777226035369000,1777226035369000,0.0006172531,-0.038303647,-8.906521
1777226035421000,1777226035421000,-0.002476174,-0.030185282,-8.826145
1777226035469000,1777226035469000,0.014534818,-0.062001944,-8.879294
1777226035521000,1777226035521000,-0.017216317,-0.037265822,-8.908581
1777226035569000,1777226035569000,-0.0009059026,-0.019282527,-8.932001
1777226035621000,1777226035621000,0.02764161,-0.012604442,-8.921716
1777226035669000,1777226035669000,-0.0012609332,0.00053108187,-8.94839
1777226035721000,1777226035721000,-0.018254202,0.039858386,-8.959877
1777226035769000,1777226035769000,0.0013557179,-0.056025963,-8.934286
1777226035821000,1777226035821000,0.03758359,-0.003330736,-8.9061775
1777226035869000,1777226035869000,-0.044077467,0.02556354,-8.98545
1777226035921000,1777226035921000,-0.019381829,-0.03698047,-9.02735
1777226035969000,1777226035969000,0.014158948,-0.04015069,-8.982064
1777226036021000,1777226036021000,0.008830465,-0.060752537,-8.997547
1777226036069000,1777226036069000,-0.016843617,-0.027638206,-9.010628
1777226036121000,1777226036121000,-0.051882204,-0.04286905,-9.044135
1777226036169000,1777226036169000,-0.04404894,0.011971251,-9.024279
1777226036221000,1777226036221000,-0.0073294025,-0.058337424,-9.020581
1777226036269000,1777226036269000,-0.00011764839,-0.04108974,-9.054131
1777226036321000,1777226036321000,-0.011487505,0.0066747796,-9.108548
1777226036369000,1777226036369000,-0.031471293,-0.031230627,-9.088494
1777226036421000,1777226036421000,-0.02638475,-0.023720399,-9.112558
1777226036469000,1777226036469000,-0.056305844,-0.02599649,-9.124541
1777226036521000,1777226036521000,0.013609877,-0.071263015,-9.131023
1777226036569000,1777226036569000,-0.0403201,-0.022573408,-9.130473
1777226036621000,1777226036621000,8.1504695e-05,-0.045010507,-9.152195
1777226036669000,1777226036669000,-0.021369979,0.020981088,-9.166165
1777226036721000,1777226036721000,-0.024532808,0.016295064,-9.162859
1777226036769000,1777226036769000,-0.01378184,-0.008654096,-9.242865
1777226036821000,1777226036821000,-0.017405644,-0.028043618,-9.263187
1777226036869000,1777226036869000,-0.029523175,-0.013822892,-9.242401
1777226036921000,1777226036921000,-0.015816394,-0.021146864,-9.224476
1777226036969000,1777226036969000,0.06417071,-0.004422731,-9.20655
1777226037021000,1777226037021000,-0.030536791,-0.012246413,-9.273584
1777226037069000,1777226037069000,-0.047105484,-0.043294035,-9.276766
1777226037121000,1777226037121000,-0.02183572,0.009023504,-9.292796
1777226037169000,1777226037169000,-0.03394393,-0.030992048,-9.290664
1777226037221000,1777226037221000,0.014119985,-0.043658234,-9.318883
1777226037269000,1777226037269000,0.00747219,0.0007075926,-9.316826
1777226037321000,1777226037321000,-0.00041793264,-0.018640382,-9.321097
1777226037369000,1777226037369000,-0.034842364,0.0066978997,-9.417242
1777226037421000,1777226037421000,-0.005325841,0.011708888,-9.356428
1777226037469000,1777226037469000,-0.04127355,-0.03882103,-9.400539
1777226037521000,1777226037521000,-0.022524934,-0.013790626,-9.3798685
1777226037569000,1777226037569000,0.02781073,-0.018765336,-9.429062
1777226037621000,1777226037621000,-0.028246589,-0.014008759,-9.436419
1777226037669000,1777226037669000,0.0009394856,-0.04741355,-9.436098
1777226037721000,1777226037721000,0.0035114514,0.014983781,-9.503486
1777226037769000,1777226037769000,-0.00561367,-0.020480243,-9.445929
1777226037821000,1777226037821000,-0.009257504,0.0039604427,-9.443748
1777226037869000,1777226037869000,0.022020096,-0.0038862773,-9.493592
1777226037921000,1777226037921000,0.007922822,-0.0029140227,-9.443099
1777226037969000,1777226037969000,-0.0018912558,0.018196706,-9.502687
1777226038021000,1777226038021000,-0.021604413,-0.031181218,-9.481076
1777226038069000,1777226038069000,-0.0011918274,-0.05932496,-9.493074
1777226038121000,1777226038121000,0.027144946,-0.020708358,-9.510593
1777226038169000,1777226038169000,0.02802558,-0.030866995,-9.561783
1777226038221000,1777226038221000,-0.0024963026,0.018264214,-9.520391
1777226038269000,1777226038269000,-0.033760272,-0.008479576,-9.564667
1777226038321000,1777226038321000,-0.012602903,0.023211397,-9.590981
1777226038369000,1777226038369000,-0.012957266,-0.024619564,-9.540533
1777226038421000,1777226038421000,-0.023592204,0.012411621,-9.525551
1777226038469000,1777226038469000,0.021672005,-0.0136665255,-9.56572
1777226038521000,1777226038521000,0.003149886,-0.030469688,-9.601455
1777226038569000,1777226038569000,-0.020948188,-0.022352383,-9.57909
1777226038621000,1777226038621000,-0.010975846,-0.0061127157,-9.6190605
1777226038669000,1777226038669000,-0.0224697,-0.024685254,-9.592419
1777226038721000,1777226038721000,-0.018100008,-0.015012889,-9.712718
1777226038769000,1777226038769000,0.021590332,-0.014795361,-9.602699
1777226038821000,1777226038821000,-0.0026787235,-0.031779014,-9.613564
1777226038869000,1777226038869000,-0.006260443,-0.014580669,-9.598623
1777226038921000,1777226038921000,0.011501912,0.051813006,-9.666174
1777226038969000,1777226038969000,-0.023620993,0.013086939,-9.575737
1777226039021000,1777226039021000,-0.0066649634,0.019673094,-9.6097765
1777226039069000,1777226039069000,0.0035566238,0.018995542,-9.670462
1777226039121000,1777226039121000,0.0119545935,0.004475612,-9.661481
1777226039169000,1777226039169000,-0.014337173,0.0038617877,-9.678167
1777226039221000,1777226039221000,0.023833927,0.03242429,-9.670111
1777226039269000,1777226039269000,0.04393926,-0.0025324938,-9.644826
1777226039321000,1777226039321000,-0.0030342792,-0.035024904,-9.709656
1777226039369000,1777226039369000,0.034120195,0.0075193313,-9.71634
1777226039421000,1777226039421000,0.018709702,-0.014326872,-9.78637
1777226039469000,1777226039469000,0.031342946,-0.009922986,-9.783756
1777226039521000,1777226039521000,-0.042437505,0.019475963,-9.795698
1777226039569000,1777226039569000,-0.0042907326,0.010121221,-9.846369
1777226039621000,1777226039621000,0.05586505,0.0035679443,-9.904552
1777226039669000,1777226039669000,0.0925201,0.02444603,-9.924336
1777226039721000,1777226039721000,0.027999947,0.034883607,-9.954331
1777226039769000,1777226039769000,0.07311508,-0.02403909,-9.966877
1777226039821000,1777226039821000,0.019407371,-0.026890747,-10.015152
1777226039869000,1777226039869000,0.031441495,-0.0013632672,-10.037447
1777226039921000,1777226039921000,0.06152254,0.01500066,-10.045984
1777226039969000,1777226039969000,0.031473745,-0.03935466,-9.9754305
1777226040021000,1777226040021000,0.03755272,-0.025701316,-10.057441
1777226040069000,1777226040069000,0.056028504,-0.05303586,-10.094444
1777226040121000,1777226040121000,0.06607325,0.018511746,-10.033642
1777226040169000,1777226040169000,0.026014265,-0.029357694,-10.033635
1777226040221000,1777226040221000,0.0459164,-0.054652534,-10.091724
1777226040269000,1777226040269000,0.046756804,-0.052415974,-10.0962
1777226040321000,1777226040321000,0.028955448,-0.03935214,-10.07281
1777226040369000,1777226040369000,0.048881896,-0.0057367696,-10.090394
1777226040421000,1777226040421000,0.11857197,-0.032320082,-10.130482
1777226040469000,1777226040469000,0.10096079,-0.022097263,-10.114953
1777226040521000,1777226040521000,0.052912556,-0.042632356,-10.141649
1777226040569000,1777226040569000,0.09214817,0.0014444668,-10.096328
1777226040621000,1777226040621000,0.12440711,-0.050210565,-10.170522
1777226040669000,1777226040669000,0.13008094,-0.04416591,-10.209529
1777226040721000,1777226040721000,0.16331425,-0.049185213,-10.162321
1777226040769000,1777226040769000,0.15065862,-0.07062556,-10.165438
1777226040821000,1777226040821000,0.17790183,-0.10510911,-10.131904
1777226040869000,1777226040869000,0.21587563,-0.050961114,-10.120972
1777226040921000,1777226040921000,0.15963265,-0.11385976,-10.131674
1777226040969000,1777226040969000,0.21720785,-0.12508953,-10.053375
1777226041021000,1777226041021000,0.19043404,-0.095856875,-10.024525
1777226041069000,1777226041069000,0.20339616,-0.11242061,-9.998902
1777226041121000,1777226041121000,0.15462805,-0.16732714,-9.915589
1777226041169000,1777226041169000,0.13147774,-0.16493069,-9.89983
1777226041221000,1777226041221000,0.17476535,-0.20076773,-9.918093
1777226041269000,1777226041269000,0.14784297,-0.22634529,-9.903135
1777226041321000,1777226041321000,0.15623952,-0.20894933,-9.873009
1777226041369000,1777226041369000,0.19731334,-0.21811852,-9.852132
1777226041421000,1777226041421000,0.16050225,-0.26681414,-9.962238
1777226041469000,1777226041469000,0.15693982,-0.2511245,-10.059753
1777226041521000,1777226041521000,0.16615061,-0.3269952,-10.008421
1777226041569000,1777226041569000,0.122786164,-0.2483245,-9.973836
1777226041621000,1777226041621000,0.11986768,-0.2933697,-10.013117
1777226041669000,1777226041669000,0.080598585,-0.35705122,-10.033459
1777226041721000,1777226041721000,0.11484433,-0.31336674,-9.989312
1777226041769000,1777226041769000,0.11975023,-0.3656572,-9.973359
1777226041821000,1777226041821000,0.051988095,-0.354152,-9.958545
1777226041869000,1777226041869000,0.07225405,-0.30954593,-9.898286
1777226041921000,1777226041921000,0.02309319,-0.30558807,-9.925743
1777226041969000,1777226041969000,-0.0062595583,-0.38821,-9.877842
1777226042021000,1777226042021000,-0.057070144,-0.28917608,-9.919668
1777226042069000,1777226042069000,-0.058744274,-0.3053098,-9.870416
1777226042121000,1777226042121000,-0.08064138,-0.30408046,-9.903613
1777226042169000,1777226042169000,-0.030606374,-0.25141495,-9.829781
1777226042221000,1777226042221000,-0.088316515,-0.27102265,-9.944092
1777226042269000,1777226042269000,-0.06741041,-0.26396456,-9.872938
1777226042321000,1777226042321000,-0.1290135,-0.28912842,-9.884718
1777226042369000,1777226042369000,-0.10281997,-0.24647033,-9.868381
1777226042421000,1777226042421000,-0.17291157,-0.23258431,-9.895109
1777226042469000,1777226042469000,-0.14739469,-0.18275069,-9.878823
1777226042521000,1777226042521000,-0.16932744,-0.2138543,-9.938198
1777226042569000,1777226042569000,-0.215042,-0.22739232,-9.872917
1777226042621000,1777226042621000,-0.17119646,-0.2117488,-9.860825
1777226042669000,1777226042669000,-0.2173913,-0.16979654,-9.870257
1777226042721000,1777226042721000,-0.18905398,-0.17279725,-9.854607
1777226042769000,1777226042769000,-0.25368288,-0.13906786,-9.852839
1777226042821000,1777226042821000,-0.19492581,-0.13432239,-9.827215
1777226042869000,1777226042869000,-0.17190011,-0.14946806,-9.820686
1777226042921000,1777226042921000,-0.191638,-0.14912023,-9.840093
1777226042969000,1777226042969000,-0.21839789,-0.14075483,-9.824018
1777226043021000,1777226043021000,-0.21065547,-0.16841047,-9.821456
1777226043069000,1777226043069000,-0.21423475,-0.11762062,-9.885335
1777226043121000,1777226043121000,-0.24764454,-0.1282039,-9.833052
1777226043169000,1777226043169000,-0.23492788,-0.12145227,-9.872858
1777226043221000,1777226043221000,-0.25223887,-0.12845165,-9.83841
1777226043269000,1777226043269000,-0.24892664,-0.11268399,-9.833167
1777226043321000,1777226043321000,-0.21991341,-0.12222844,-9.82064
1777226043369000,1777226043369000,-0.2197984,-0.09761699,-9.810559
1777226043421000,1777226043421000,-0.24347916,-0.10117566,-9.808989
1777226043469000,1777226043469000,-0.25435862,-0.07518318,-9.817669
1777226043521000,1777226043521000,-0.22270055,-0.07080086,-9.807359
1777226043569000,1777226043569000,-0.24782427,-0.01123368,-9.814702
1777226043621000,1777226043621000,-0.23526914,-0.011473294,-9.776564
1777226043669000,1777226043669000,-0.22280705,-0.05426017,-9.851263
1777226043721000,1777226043721000,-0.24569345,-0.051403806,-9.791109
1777226043769000,1777226043769000,-0.25049666,-0.001477381,-9.763066
1777226043821000,1777226043821000,-0.25500116,-0.049743798,-9.805433
1777226043869000,1777226043869000,-0.21674263,-0.01591881,-9.824821
1777226043921000,1777226043921000,-0.20504819,-0.04696616,-9.8308325
1777226043969000,1777226043969000,-0.21791917,-0.03845483,-9.7928705
1777226044021000,1777226044021000,-0.23408037,-0.04960218,-9.807474
1777226044069000,1777226044069000,-0.22320601,0.0034285262,-9.816183
1777226044121000,1777226044121000,-0.2410426,0.007225914,-9.801742
1777226044169000,1777226044169000,-0.19513778,0.021102078,-9.790762
1777226044221000,1777226044221000,-0.26574954,-0.0026726546,-9.814396
1777226044269000,1777226044269000,-0.20431413,0.0045986045,-9.806972
1777226044321000,1777226044321000,-0.21005587,0.01369251,-9.823118
1777226044369000,1777226044369000,-0.25527433,0.04458715,-9.819204
1777226044421000,1777226044421000,-0.21917793,0.0012123786,-9.807159
1777226044469000,1777226044469000,-0.24057505,0.019822666,-9.792578
1777226044521000,1777226044521000,-0.2524966,-0.003912794,-9.77408
1777226044569000,1777226044569000,-0.20388728,-0.023785464,-9.823702
1777226044621000,1777226044621000,-0.26312512,-0.003467497,-9.76915
1777226044669000,1777226044669000,-0.23401164,-0.033442877,-9.78339
1777226044721000,1777226044721000,-0.26333833,-0.030298706,-9.844744
1777226044769000,1777226044769000,-0.232372,-0.006081498,-9.752373
1777226044821000,1777226044821000,-0.25624427,0.017945359,-9.799685
1777226044869000,1777226044869000,-0.24641928,0.009937319,-9.799273
1777226044921000,1777226044921000,-0.30782747,0.021608394,-9.805086
1777226044969000,1777226044969000,-0.2762006,-0.012319168,-9.76125
1777226045021000,1777226045021000,-0.2790088,-0.021666342,-9.813557
1777226045069000,1777226045069000,-0.29390454,0.018161068,-9.850577
1777226045121000,1777226045121000,-0.3310933,0.0025977471,-9.780678
1777226045169000,1777226045169000,-0.34322208,0.018954953,-9.855158
1777226045221000,1777226045221000,-0.30574733,0.02390447,-9.844955
1777226045269000,1777226045269000,-0.25559464,0.04027673,-9.80218
1777226045321000,1777226045321000,-0.31496155,0.005823927,-9.802219
1777226045369000,1777226045369000,-0.30875015,0.0014119158,-9.776911
1777226045421000,1777226045421000,-0.35321513,0.0056828987,-9.825859
1777226045469000,1777226045469000,-0.28271568,-0.054461688,-9.807692
1777226045521000,1777226045521000,-0.35655916,-0.044160176,-9.833473
1777226045569000,1777226045569000,-0.311011,-0.057281815,-9.7884
1777226045621000,1777226045621000,-0.34103185,-0.054702204,-9.852602
1777226045669000,1777226045669000,-0.31320915,-0.031359334,-9.815371
1777226045721000,1777226045721000,-0.37833077,-0.08407153,-9.8103285
1777226045769000,1777226045769000,-0.37991524,-0.056971602,-9.763122
1777226045821000,1777226045821000,-0.30001703,-0.05792556,-9.764776
1777226045869000,1777226045869000,-0.3433094,-0.0132218655,-9.802176
1777226045921000,1777226045921000,-0.33755547,-0.05270488,-9.84025
1777226045969000,1777226045969000,-0.33182007,0.037056424,-9.80513
1777226046021000,1777226046021000,-0.30105376,0.018447306,-9.834551
1777226046069000,1777226046069000,-0.3214333,-0.0103137605,-9.8231325
1777226046121000,1777226046121000,-0.32025868,-0.029415727,-9.826872
1777226046169000,1777226046169000,-0.28058785,-0.041272666,-9.822748
1777226046221000,1777226046221000,-0.32338202,-0.0037959092,-9.786962
1777226046269000,1777226046269000,-0.31242892,0.008314294,-9.802577
1777226046321000,1777226046321000,-0.27857047,-0.008303511,-9.802694
1777226046369000,1777226046369000,-0.31980002,0.013886187,-9.771936
1777226046421000,1777226046421000,-0.2790845,-0.012537116,-9.791911
1777226046469000,1777226046469000,-0.307129,-0.055833556,-9.85426
1777226046521000,1777226046521000,-0.30169952,0.00053063163,-9.818878
1777226046569000,1777226046569000,-0.30327302,-0.031323504,-9.849747
1777226046621000,1777226046621000,-0.3236149,-0.025378179,-9.787245
1777226046669000,1777226046669000,-0.3846611,-0.016815746,-9.855373
1777226046721000,1777226046721000,-0.25750053,0.05337479,-9.808447
1777226046769000,1777226046769000,-0.31337643,-0.026016451,-9.807583
1777226046821000,1777226046821000,-0.30425924,0.030925922,-9.85531
1777226046869000,1777226046869000,-0.28545433,-0.029732466,-9.828054
1777226046921000,1777226046921000,-0.31525072,-0.03442361,-9.803697
1777226046969000,1777226046969000,-0.3785365,0.018866848,-9.780716
1777226047021000,1777226047021000,-0.34436265,0.025392475,-9.780402
1777226047069000,1777226047069000,-0.33621392,0.024616404,-9.820139
1777226047121000,1777226047121000,-0.32639137,0.044229496,-9.856947
1777226047169000,1777226047169000,-0.3232248,0.02713711,-9.785904
1777226047221000,1777226047221000,-0.30957693,0.005697985,-9.80191
1777226047269000,1777226047269000,-0.2941798,0.006159223,-9.8108635
1777226047321000,1777226047321000,-0.26359367,0.015303869,-9.844261
1777226047369000,1777226047369000,-0.32634202,-0.00957665,-9.803014
1777226047421000,1777226047421000,-0.28921914,-0.020617725,-9.800583
1777226047469000,1777226047469000,-0.29043332,-0.0068573165,-9.794379
1777226047521000,1777226047521000,-0.29576278,0.033938665,-9.793002
1777226047569000,1777226047569000,-0.28265628,0.0303603,-9.816927
1777226047621000,1777226047621000,-0.2552683,0.040353,-9.836209
1777226047669000,1777226047669000,-0.24421151,0.030886512,-9.771907
1777226047721000,1777226047721000,-0.33834907,0.031948417,-9.769137
1777226047769000,1777226047769000,-0.30114508,-0.011520892,-9.805384
1777226047821000,1777226047821000,-0.25459868,0.02862547,-9.79829
1777226047869000,1777226047869000,-0.26136097,0.03741665,-9.802373
1777226047921000,1777226047921000,-0.25837392,-0.03929278,-9.810104
1777226047969000,1777226047969000,-0.27123648,0.039849885,-9.803249
1777226048021000,1777226048021000,-0.25207162,-0.002336632,-9.787307
1777226048069000,1777226048069000,-0.23762974,0.06560996,-9.786207
1777226048121000,1777226048121000,-0.25418428,0.051453892,-9.839208
1777226048169000,1777226048169000,-0.279612,-0.016521007,-9.773118
1777226048221000,1777226048221000,-0.21344444,0.01699387,-9.786394
1777226048269000,1777226048269000,-0.288311,0.04312158,-9.837387
1777226048321000,1777226048321000,-0.22011884,0.06080707,-9.803806
1777226048369000,1777226048369000,-0.22779101,0.03582333,-9.815142
1777226048421000,1777226048421000,-0.21081555,0.10275777,-9.8187475
1777226048469000,1777226048469000,-0.23598465,0.019383717,-9.810122
1777226048521000,1777226048521000,-0.2081556,0.002033772,-9.8496895
1777226048569000,1777226048569000,-0.1904241,0.05626338,-9.803607
1777226048621000,1777226048621000,-0.27083406,0.06582258,-9.810707
1777226048669000,1777226048669000,-0.20879681,0.04425792,-9.842365
1777226048721000,1777226048721000,-0.2530788,0.0634906,-9.824618
1777226048769000,1777226048769000,-0.25600237,0.0639307,-9.845027
1777226048821000,1777226048821000,-0.22954898,0.020697553,-9.789616
1777226048869000,1777226048869000,-0.25107065,0.09131408,-9.794257
1777226048921000,1777226048921000,-0.25699955,0.011557061,-9.79835
1777226048969000,1777226048969000,-0.24952808,0.02480689,-9.800166
1777226049021000,1777226049021000,-0.26184452,0.025285736,-9.796134
1777226049069000,1777226049069000,-0.26312637,0.023457754,-9.8462
1777226049121000,1777226049121000,-0.2375732,0.058559768,-9.788357
1777226049169000,1777226049169000,-0.27633202,0.08368329,-9.767633
1777226049221000,1777226049221000,-0.23849154,0.03936979,-9.799836
1777226049269000,1777226049269000,-0.24792153,0.017047727,-9.823903
1777226049321000,1777226049321000,-0.2897178,0.025566313,-9.8228035
1777226049369000,1777226049369000,-0.267406,0.017287336,-9.811413
1777226049421000,1777226049421000,-0.29586148,0.005941258,-9.809106
1777226049469000,1777226049469000,-0.27338767,0.036681145,-9.787806
1777226049521000,1777226049521000,-0.2438316,0.032895487,-9.823746
1777226049569000,1777226049569000,-0.29873842,0.028358122,-9.865982
1777226049621000,1777226049621000,-0.27259976,0.01739869,-9.823215
1777226049669000,1777226049669000,-0.29255784,0.00065355736,-9.84057
1777226049721000,1777226049721000,-0.2658309,0.016675461,-9.772955
1777226049769000,1777226049769000,-0.2698103,0.0064129205,-9.8165
1777226049821000,1777226049821000,-0.29114828,-0.03709267,-9.788299
1777226049869000,1777226049869000,-0.22090493,0.0048954184,-9.776982
1777226049921000,1777226049921000,-0.23439926,0.012250213,-9.841034
1777226049969000,1777226049969000,-0.3012444,0.00030535553,-9.842127
1777226050021000,1777226050021000,-0.30353782,0.05449515,-9.82159
1777226050069000,1777226050069000,-0.29281372,-0.008346505,-9.845113
1777226050121000,1777226050121000,-0.31327835,-0.010363559,-9.782499
1777226050169000,1777226050169000,-0.25463343,0.04886177,-9.802437
1777226050221000,1777226050221000,-0.27008852,0.0074792225,-9.868901
1777226050269000,1777226050269000,-0.31368506,0.011745114,-9.818518
1777226050321000,1777226050321000,-0.26307976,0.037568428,-9.838153
1777226050369000,1777226050369000,-0.29111767,-0.010907967,-9.815081
1777226050421000,1777226050421000,-0.26922637,0.010459537,-9.840448
1777226050469000,1777226050469000,-0.2525457,0.00813432,-9.811047
1777226050521000,1777226050521000,-0.23263137,0.02972474,-9.7736435
1777226050569000,1777226050569000,-0.24064505,0.012855785,-9.78179
1777226050621000,1777226050621000,-0.26995853,0.043249335,-9.812527
1777226050669000,1777226050669000,-0.27637222,0.015039725,-9.805796
1777226050721000,1777226050721000,-0.2496493,0.030798705,-9.778002
1777226050769000,1777226050769000,-0.254086,0.03965491,-9.821722
1777226050821000,1777226050821000,-0.2595947,0.020855322,-9.766429
1777226050869000,1777226050869000,-0.23662715,0.054765396,-9.795488
1777226050921000,1777226050921000,-0.24200481,0.048047636,-9.795043
1777226050969000,1777226050969000,-0.2771381,0.045478515,-9.809899
1777226051021000,1777226051021000,-0.24333152,0.02386444,-9.8184185
1777226051069000,1777226051069000,-0.2471954,0.042217027,-9.827413
1777226051121000,1777226051121000,-0.23953255,0.024200555,-9.7707
1777226051169000,1777226051169000,-0.27274027,-0.016621865,-9.80562
1777226051221000,1777226051221000,-0.29899138,0.030998051,-9.77636
1777226051269000,1777226051269000,-0.27579057,0.039580517,-9.808895
1777226051321000,1777226051321000,-0.23983818,0.009753725,-9.835127
1777226051369000,1777226051369000,-0.28667253,0.010878308,-9.808259
1777226051421000,1777226051421000,-0.25830394,-0.03110538,-9.8037195
1777226051469000,1777226051469000,-0.30733332,0.016137572,-9.795009
1777226051521000,1777226051521000,-0.2508501,0.028677799,-9.810747
1777226051569000,1777226051569000,-0.2365231,0.024092162,-9.802878
1777226051621000,1777226051621000,-0.27724576,0.061621726,-9.866187
1777226051669000,1777226051669000,-0.23239891,0.05292593,-9.814414
1777226051721000,1777226051721000,-0.23502064,0.025502576,-9.77752
1777226051769000,1777226051769000,-0.23287013,0.050037846,-9.747076
1777226051821000,1777226051821000,-0.26852065,0.031798407,-9.835022
1777226051869000,1777226051869000,-0.26449654,-0.00444141,-9.803013
1777226051921000,1777226051921000,-0.23638022,0.011334798,-9.77958
1777226051969000,1777226051969000,-0.25761685,0.043400943,-9.798485
1777226052021000,1777226052021000,-0.24791075,-0.0061454773,-9.758055
1777226052069000,1777226052069000,-0.23112968,0.051203985,-9.825655
1777226052121000,1777226052121000,-0.24902464,0.05766787,-9.734687
1777226052169000,1777226052169000,-0.23136887,0.07792406,-9.785292
1777226052221000,1777226052221000,-0.257819,0.02439121,-9.796366
1777226052269000,1777226052269000,-0.22959685,0.018788781,-9.811432
1777226052321000,1777226052321000,-0.19768254,0.04455609,-9.820712
1777226052369000,1777226052369000,-0.24094078,0.10851433,-9.807512
1777226052421000,1777226052421000,-0.23007236,0.041736364,-9.784038
1777226052469000,1777226052469000,-0.28931943,0.037334573,-9.789881
1777226052521000,1777226052521000,-0.2782015,0.056579538,-9.878555
1777226052569000,1777226052569000,-0.20895371,0.05116764,-9.840338
1777226052621000,1777226052621000,-0.23771104,-0.011817763,-9.783573
1777226052669000,1777226052669000,-0.24357447,0.06723033,-9.83463
1777226052721000,1777226052721000,-0.25931725,0.050092645,-9.809916
1777226052769000,1777226052769000,-0.1977077,0.033688594,-9.816005
1777226052821000,1777226052821000,-0.2504325,0.051837396,-9.802352
1777226052869000,1777226052869000,-0.25253168,0.03355293,-9.806846
1777226052921000,1777226052921000,-0.22709969,0.04838828,-9.795284
1777226052969000,1777226052969000,-0.26530918,0.03117308,-9.797479
1777226053021000,1777226053021000,-0.21906012,0.06831151,-9.813994
1777226053069000,1777226053069000,-0.26104432,0.014280245,-9.792445
1777226053121000,1777226053121000,-0.27119243,0.031525172,-9.841438
1777226053169000,1777226053169000,-0.26009756,0.054623373,-9.781442
1777226053221000,1777226053221000,-0.23219608,0.036921926,-9.821204
1777226053269000,1777226053269000,-0.27393717,0.02363041,-9.858811
1777226053321000,1777226053321000,-0.25119323,0.028597249,-9.852809
1777226053369000,1777226053369000,-0.24448863,0.01690576,-9.792837
1777226053421000,1777226053421000,-0.25743762,0.047132872,-9.80359
1777226053469000,1777226053469000,-0.25896403,0.02541469,-9.758894
1777226053521000,1777226053521000,-0.26244667,0.025010042,-9.762011
1777226053569000,1777226053569000,-0.2906742,0.0064875996,-9.780617
1777226053621000,1777226053621000,-0.29837805,0.045171164,-9.797651
1777226053669000,1777226053669000,-0.2756013,0.01910089,-9.839926
1777226053721000,1777226053721000,-0.28913394,0.0014481519,-9.816472
1777226053769000,1777226053769000,-0.30768105,-0.01555683,-9.8230295
1777226053821000,1777226053821000,-0.32046607,-0.047953855,-9.837694
1777226053869000,1777226053869000,-0.36275852,-0.061479934,-9.775932
1777226053921000,1777226053921000,-0.38774773,-0.033815008,-9.7593975
1777226053969000,1777226053969000,-0.31382447,-0.033200804,-9.856735
1777226054021000,1777226054021000,-0.3214214,-0.043761488,-9.752401
1777226054069000,1777226054069000,-0.32651228,-0.032082833,-9.781612
1777226054121000,1777226054121000,-0.36032566,-0.012054694,-9.78129
1777226054169000,1777226054169000,-0.3843793,-0.012922001,-9.804876
1777226054221000,1777226054221000,-0.33731702,-0.018327523,-9.784357
1777226054269000,1777226054269000,-0.29705024,-0.029593788,-9.809448
1777226054321000,1777226054321000,-0.32907903,-0.04320456,-9.82021
1777226054369000,1777226054369000,-0.35943356,-0.016356377,-9.809725
1777226054421000,1777226054421000,-0.2943029,0.007147527,-9.782919
1777226054469000,1777226054469000,-0.28998828,-0.011112383,-9.797722
1777226054521000,1777226054521000,-0.31297225,-0.05000363,-9.815191
1777226054569000,1777226054569000,-0.29667833,0.02370989,-9.799946
1777226054621000,1777226054621000,-0.3043705,-0.024053551,-9.796276
1777226054669000,1777226054669000,-0.28957534,-0.026023228,-9.8395
1777226054721000,1777226054721000,-0.3271433,-0.0060178707,-9.819609
1777226054769000,1777226054769000,-0.35292953,-0.01442205,-9.825473
1777226054821000,1777226054821000,-0.36020774,-0.017854953,-9.8177185
1777226054869000,1777226054869000,-0.3063239,0.0012679528,-9.772869
1777226054921000,1777226054921000,-0.32709223,-0.092939645,-9.820283
1777226054969000,1777226054969000,-0.2946633,0.022328516,-9.821733
1777226055021000,1777226055021000,-0.36307755,-0.04015038,-9.801188
1777226055069000,1777226055069000,-0.33221647,-0.0074442104,-9.832536
1777226055121000,1777226055121000,-0.3788196,0.02990487,-9.8029995
1777226055169000,1777226055169000,-0.37831992,-0.0030593472,-9.796421
1777226055221000,1777226055221000,-0.30843046,0.01012155,-9.843649
1777226055269000,1777226055269000,-0.3494755,-0.025353694,-9.802408
1777226055321000,1777226055321000,-0.36191085,-0.011922151,-9.834303
1777226055369000,1777226055369000,-0.35707414,0.009587843,-9.825518
1777226055421000,1777226055421000,-0.38082057,-0.07563138,-9.790941
1777226055469000,1777226055469000,-0.37161326,-0.06136857,-9.823966
1777226055521000,1777226055521000,-0.3648489,-0.06300252,-9.801621
1777226055569000,1777226055569000,-0.40895766,-0.079998866,-9.843079
1777226055621000,1777226055621000,-0.37758464,-0.047401037,-9.8163185
1777226055669000,1777226055669000,-0.4205014,-0.08706487,-9.820538
1777226055721000,1777226055721000,-0.3811218,-0.069506034,-9.821311
1777226055769000,1777226055769000,-0.37448668,-0.053518273,-9.79497
1777226055821000,1777226055821000,-0.38551134,-0.042696435,-9.793371
1777226055869000,1777226055869000,-0.38410687,-0.006750048,-9.836174
1777226055921000,1777226055921000,-0.33613268,-0.031333126,-9.818655
1777226055969000,1777226055969000,-0.3529774,-0.09002757,-9.773439
1777226056021000,1777226056021000,-0.33431327,-0.059200186,-9.825002
1777226056069000,1777226056069000,-0.34335026,-0.015731521,-9.872603
1777226056121000,1777226056121000,-0.3286674,-0.023466863,-9.880304
1777226056169000,1777226056169000,-0.31530508,-0.01728289,-9.882454
1777226056221000,1777226056221000,-0.28636307,-0.078292415,-9.872655
1777226056269000,1777226056269000,-0.26420903,-0.011673216,-9.91463
1777226056321000,1777226056321000,-0.28043842,-0.02983161,-9.929869
1777226056369000,1777226056369000,-0.24323104,0.000104538165,-9.926023
1777226056421000,1777226056421000,-0.25926626,-0.009809693,-9.906131
1777226056469000,1777226056469000,-0.2316128,0.0052053398,-9.907712
1777226056521000,1777226056521000,-0.25723648,-0.018918682,-9.933056
1777226056569000,1777226056569000,-0.20352645,-0.01430184,-9.92225
1777226056621000,1777226056621000,-0.20140529,0.023746563,-9.927585
1777226056669000,1777226056669000,-0.21517673,0.01893163,-9.9042
1777226056721000,1777226056721000,-0.16562915,0.032530203,-9.961837
1777226056769000,1777226056769000,-0.17464048,0.0079221055,-9.901012
1777226056821000,1777226056821000,-0.17889294,0.080778986,-9.946712
1777226056869000,1777226056869000,-0.14208257,-0.011709666,-9.968552
1777226056921000,1777226056921000,-0.1561379,-0.005778459,-9.9591055
1777226056969000,1777226056969000,-0.12114741,0.05859816,-9.941971
1777226057021000,1777226057021000,-0.164811,0.045571864,-10.005566
1777226057069000,1777226057069000,-0.07444438,-0.021975197,-9.943488
1777226057121000,1777226057121000,-0.108758956,0.039996926,-9.939011
1777226057169000,1777226057169000,-0.09586254,0.028190339,-9.9692
1777226057221000,1777226057221000,-0.06428859,0.017500183,-9.97092
1777226057269000,1777226057269000,-0.072053835,-0.011889245,-9.989468
1777226057321000,1777226057321000,-0.10367467,0.04047245,-9.912713
1777226057369000,1777226057369000,-0.08214468,-0.023799371,-9.989935
1777226057421000,1777226057421000,-0.034740597,-0.03362418,-9.948962
1777226057469000,1777226057469000,-0.041078582,0.029103221,-9.950085
1777226057521000,1777226057521000,-0.075182796,0.02063828,-9.929545
1777226057569000,1777226057569000,-0.10195029,-0.026082596,-9.964109
1777226057621000,1777226057621000,-0.046619263,0.0045690145,-9.998952
1777226057669000,1777226057669000,-0.0582765,0.018399267,-9.924195
1777226057721000,1777226057721000,-0.030637722,-0.05517842,-9.919598
1777226057769000,1777226057769000,-0.08388533,-0.02718601,-10.000201
1777226057821000,1777226057821000,-0.053987425,0.039085478,-9.962632
1777226057869000,1777226057869000,-0.05333773,0.009163581,-9.90097
1777226057921000,1777226057921000,-0.029293368,0.055419516,-9.905556
1777226057969000,1777226057969000,0.011017991,-0.01342936,-9.879936
1777226058021000,1777226058021000,-0.02483232,0.044076584,-9.916514
1777226058069000,1777226058069000,-0.049314514,-0.024620976,-9.925044
1777226058121000,1777226058121000,-0.034335956,-0.009056481,-9.881507
1777226058169000,1777226058169000,-0.029065527,-0.002804028,-9.895197
1777226058221000,1777226058221000,-0.047433455,0.01939889,-9.897672
1777226058269000,1777226058269000,-0.0260516,0.030813664,-9.841955
1777226058321000,1777226058321000,0.012311827,0.017793985,-9.893939
1777226058369000,1777226058369000,-0.022214318,-0.026502829,-9.890506
1777226058421000,1777226058421000,-0.05893899,-0.019673128,-9.918581
1777226058469000,1777226058469000,-0.030428587,-0.021784632,-9.876295
1777226058521000,1777226058521000,0.049773935,0.00019260729,-9.882342
1777226058569000,1777226058569000,0.015206337,0.0130944885,-9.864471
1777226058621000,1777226058621000,0.0059885606,-0.015383145,-9.907194
1777226058669000,1777226058669000,-0.0060681524,0.0058187996,-9.860207
1777226058721000,1777226058721000,-0.02275423,-0.011457451,-9.802729
1777226058769000,1777226058769000,-0.022000302,-0.02267464,-9.59554
1777226058821000,1777226058821000,0.008735801,0.013195833,-9.405384
1777226058869000,1777226058869000,0.032651108,0.0052333493,-9.126341
1777226058921000,1777226058921000,-0.018690342,0.0016953785,-8.926234
1777226058969000,1777226058969000,-0.036606006,0.016813729,-8.76935
1777226059021000,1777226059021000,-0.0054637454,0.017944554,-8.539309
1777226059069000,1777226059069000,-0.0029394994,-0.0107619,-8.29313
1777226059121000,1777226059121000,-0.011597572,-0.009609021,-8.063968
1777226059169000,1777226059169000,0.031122688,0.031676292,-7.8797197
1777226059221000,1777226059221000,-0.016920775,0.024465628,-7.7058535
1777226059269000,1777226059269000,0.013317568,0.006191466,-7.4391103
1777226059321000,1777226059321000,0.0029092382,0.018502815,-7.28442
1777226059369000,1777226059369000,0.028654043,-0.008452428,-7.4972315
1777226059421000,1777226059421000,-0.005881753,-0.010718252,-7.7021627
1777226059469000,1777226059469000,-0.037819743,-0.012126185,-7.87081
1777226059521000,1777226059521000,-0.001434562,-0.004887066,-8.124681
1777226059569000,1777226059569000,-0.0009996488,0.006386382,-8.2982855
1777226059621000,1777226059621000,-0.014988668,0.0008850541,-8.513197
1777226059669000,1777226059669000,-0.013153808,0.03208273,-8.729485
1777226059721000,1777226059721000,-0.013537426,-0.016341317,-8.934284
1777226059769000,1777226059769000,0.006549694,0.020237938,-9.131363
1777226059821000,1777226059821000,0.0017682805,-0.027756032,-9.322583
1777226059869000,1777226059869000,-0.018732969,-0.0027651328,-9.481819
1777226059921000,1777226059921000,-0.0004156729,0.06301549,-9.678845
1777226059969000,1777226059969000,-0.023596972,0.025170961,-9.900987
1777226060021000,1777226060021000,-0.015101246,0.007527853,-9.864144
1777226060069000,1777226060069000,0.016710255,0.015518503,-9.862699
1777226060121000,1777226060121000,-0.03339789,-0.005661466,-9.7749
1777226060169000,1777226060169000,-0.019246176,0.055120587,-9.859976
1777226060221000,1777226060221000,-0.003657711,-0.017334128,-9.854495
1777226060269000,1777226060269000,-0.010118462,0.013389183,-9.809889
1777226060321000,1777226060321000,-0.025585128,0.036580864,-9.837463
1777226060369000,1777226060369000,-0.02856948,0.03203611,-9.877342
1777226060421000,1777226060421000,0.039706983,0.0053832056,-9.885642
1777226060469000,1777226060469000,-0.06046651,0.024457261,-9.872988
1777226060521000,1777226060521000,0.009405665,0.010670071,-9.858704
1777226060569000,1777226060569000,0.010755249,0.014625607,-9.910995
1777226060621000,1777226060621000,-0.04518135,0.025944505,-9.855334
1777226060669000,1777226060669000,-0.0063178204,0.014508788,-9.858003
1777226060721000,1777226060721000,-0.024704486,0.026347144,-9.873229
1777226060769000,1777226060769000,0.013565745,0.012249113,-9.948287
1777226060821000,1777226060821000,-0.029292211,0.034007482,-9.898887
1777226060869000,1777226060869000,0.005161022,0.041540254,-9.904033
1777226060921000,1777226060921000,0.015663158,-0.0054288036,-9.876184
1777226060969000,1777226060969000,-0.023315087,0.009420616,-9.906369
1777226061021000,1777226061021000,-0.017044028,-0.0049630213,-9.937145
1777226061069000,1777226061069000,-0.0049467213,0.004267733,-9.902987
1777226061121000,1777226061121000,0.022368431,0.006015788,-9.926729
1777226061169000,1777226061169000,0.006865321,-0.005578245,-9.915604
1777226061221000,1777226061221000,-0.04652473,0.0062469007,-9.901053
1777226061269000,1777226061269000,0.027708398,-0.004932822,-9.881616
1777226061321000,1777226061321000,-0.020019516,-0.000991106,-9.896112
1777226061369000,1777226061369000,-0.005241108,0.028161652,-9.907109
1777226061421000,1777226061421000,-0.037332695,-0.055555444,-9.849365
1777226061469000,1777226061469000,-0.03792638,0.021405092,-9.831278
1777226061521000,1777226061521000,0.034875628,-0.018226292,-9.855003
1777226061569000,1777226061569000,-0.021751571,0.007501886,-9.8820505
1777226061621000,1777226061621000,-0.03770812,0.011837757,-9.885691
1777226061669000,1777226061669000,0.015924286,-0.0068227174,-9.836967
1777226061721000,1777226061721000,0.005749982,-0.00457624,-9.820047
1777226061769000,1777226061769000,-0.03826972,0.008412724,-9.842948
1777226061821000,1777226061821000,-0.02032437,0.018802222,-9.805754
1777226061869000,1777226061869000,0.003908539,-0.03522774,-9.799902
1777226061921000,1777226061921000,0.036651637,0.0028520934,-9.8186655
1777226061969000,1777226061969000,0.023235757,-0.0356227,-9.841642
1777226062021000,1777226062021000,0.030251438,0.0061656986,-9.805439
1777226062069000,1777226062069000,-0.01922683,0.007834469,-9.820575
1777226062121000,1777226062121000,-0.011954386,0.0031411112,-9.789646
1777226062169000,1777226062169000,-0.0008453338,-0.005745279,-9.822083
1777226062221000,1777226062221000,0.017616745,0.025046468,-9.78646
1777226062269000,1777226062269000,-0.0066888137,-0.0064660944,-9.787749
1777226062321000,1777226062321000,0.0036543016,0.010517539,-9.782913
1777226062369000,1777226062369000,0.0019526945,0.0149202915,-9.814828
1777226062421000,1777226062421000,0.080943,-0.0066644032,-9.791081
1777226062469000,1777226062469000,0.027074449,-0.01742033,-9.817345
1777226062521000,1777226062521000,0.020353526,-0.0007460655,-9.785213
1777226062569000,1777226062569000,0.030647578,-0.0037188632,-9.828417
1777226062621000,1777226062621000,0.0021720468,0.04903265,-9.7481165
1777226062669000,1777226062669000,0.011281397,-0.024496233,-9.772212
1777226062721000,1777226062721000,0.018742468,0.009878516,-9.715282
1777226062769000,1777226062769000,0.04826817,-0.0019921274,-9.77327
1777226062821000,1777226062821000,0.022904266,0.0046927254,-9.814921
1777226062869000,1777226062869000,0.026305491,0.033129483,-9.774526
1777226062921000,1777226062921000,0.069676295,0.0039569316,-9.811857
1777226062969000,1777226062969000,0.059214246,0.0028849002,-9.773118
1777226063021000,1777226063021000,0.020325653,0.0030265586,-9.809467
1777226063069000,1777226063069000,-0.0021095737,0.011194272,-9.778408
1777226063121000,1777226063121000,-0.010932191,0.033984218,-9.79606
1777226063169000,1777226063169000,0.05314743,-0.028653612,-9.815784
1777226063221000,1777226063221000,0.019757798,0.03840795,-9.865437
1777226063269000,1777226063269000,0.07237989,0.00906653,-9.792025
1777226063321000,1777226063321000,0.043117516,0.014554248,-9.788931
1777226063369000,1777226063369000,0.022307858,-0.007928336,-9.8115
1777226063421000,1777226063421000,0.022106536,-0.015699714,-9.823563
1777226063469000,1777226063469000,0.006255131,0.03549074,-9.792328
1777226063521000,1777226063521000,-0.006546778,0.0035341831,-9.743858
1777226063569000,1777226063569000,0.021552024,0.0008925805,-9.822963
1777226063621000,1777226063621000,0.032896798,0.026307305,-9.812625
1777226063669000,1777226063669000,-0.0185773,0.0037533848,-9.81056
1777226063721000,1777226063721000,-0.010920551,0.046698164,-9.7412
1777226063769000,1777226063769000,-0.018931795,-0.014215275,-9.835159
1777226063821000,1777226063821000,-0.022498142,-0.011628579,-9.824058
1777226063869000,1777226063869000,-0.024794703,-0.004291783,-9.799393
1777226063921000,1777226063921000,-0.0007364127,-0.009788636,-9.789714
1777226063969000,1777226063969000,0.00030898512,-0.012673626,-9.851184
1777226064021000,1777226064021000,0.01516451,-0.007226332,-9.811913
1777226064069000,1777226064069000,0.0067746993,0.023259629,-9.7984295
1777226064121000,1777226064121000,0.04897982,0.019828582,-9.798208
1777226064169000,1777226064169000,0.035826094,0.03452904,-9.831811
1777226064221000,1777226064221000,0.021810548,0.027618842,-9.811303
1777226064269000,1777226064269000,0.02048195,-0.0073642926,-9.834825
1777226064321000,1777226064321000,-0.039455164,-0.015707426,-9.850985
1777226064369000,1777226064369000,0.024434628,0.033500873,-9.871009
1777226064421000,1777226064421000,0.01612878,0.01366584,-9.833275
1777226064469000,1777226064469000,0.04708903,0.019511733,-9.874005
1777226064521000,1777226064521000,-0.009461381,-0.0014479598,-9.84808
1777226064569000,1777226064569000,0.0014775733,0.042200882,-9.853667
1777226064621000,1777226064621000,-0.012176493,-0.0073948465,-9.858303
1777226064669000,1777226064669000,0.010092818,0.006646353,-9.805759
1777226064721000,1777226064721000,0.0034443173,0.0034037083,-9.805417
1777226064769000,1777226064769000,-0.041740723,0.023440266,-9.821543
1777226064821000,1777226064821000,0.044674255,-0.045439325,-9.851981
1777226064869000,1777226064869000,-0.00023917365,0.00909934,-9.81056
1777226064921000,1777226064921000,-0.01370646,-0.015619416,-9.785948
1777226064969000,1777226064969000,-0.060395982,0.0067700576,-9.782827
1777226065021000,1777226065021000,-0.048071057,0.0031752274,-9.806661
1777226065069000,1777226065069000,-0.030718738,-0.054463673,-9.822587
1777226065121000,1777226065121000,-0.020101298,0.007821449,-9.8178625
1777226065169000,1777226065169000,-0.0087244185,-0.043487195,-9.815972
1777226065221000,1777226065221000,-0.0022254256,-0.0035355885,-9.8713665
1777226065269000,1777226065269000,-0.0037606643,-0.02110991,-9.754824
1777226065321000,1777226065321000,-0.0012174365,-0.0594577,-9.775879
1777226065369000,1777226065369000,0.019500574,0.016318943,-9.81598
1777226065421000,1777226065421000,-0.032020576,-0.042850062,-9.783609
1777226065469000,1777226065469000,0.001592757,-0.022828864,-9.81787
1777226065521000,1777226065521000,0.0037772348,0.01740997,-9.746316
1777226065569000,1777226065569000,0.0106405765,-0.007166802,-9.776873
1777226065621000,1777226065621000,0.015880387,-0.023057485,-9.804943
1777226065669000,1777226065669000,-0.026226867,0.0023939116,-9.812082
1777226065721000,1777226065721000,-0.044506263,-0.019829571,-9.798822
1777226065769000,1777226065769000,0.030194003,-0.008124028,-9.848135
1777226065821000,1777226065821000,-0.01384504,0.022532431,-9.820155
1777226065869000,1777226065869000,0.01981081,0.011948785,-9.741883
1777226065921000,1777226065921000,-0.0005232091,-0.036585204,-9.825695
1777226065969000,1777226065969000,0.005651829,0.020483756,-9.796677
1777226066021000,1777226066021000,0.010268023,0.0029635022,-9.830027
1777226066069000,1777226066069000,0.050404012,0.011303761,-9.804747
1777226066121000,1777226066121000,0.01793091,-0.0045632515,-9.818928
1777226066169000,1777226066169000,0.043937594,0.015925415,-9.842061
1777226066221000,1777226066221000,-0.023604967,0.03177562,-9.787706
1777226066269000,1777226066269000,0.026141368,0.011404231,-9.823012
1777226066321000,1777226066321000,0.030919312,-0.0018595178,-9.805028
1777226066369000,1777226066369000,0.018877031,-0.022805933,-9.878385
1777226066421000,1777226066421000,-0.011797139,-0.0052207895,-9.802769
1777226066469000,1777226066469000,0.034889873,-0.013879159,-9.802604
1777226066521000,1777226066521000,-0.011297891,0.03187681,-9.801814
1777226066569000,1777226066569000,-0.050416905,-0.016542502,-9.8091545
1777226066621000,1777226066621000,0.017729644,0.004447815,-9.808309
1777226066669000,1777226066669000,-0.0043711048,-0.02715394,-9.792928
1777226066721000,1777226066721000,-0.041276183,0.034101345,-9.82445
1777226066769000,1777226066769000,-0.019974042,-0.0062339907,-9.856419
1777226066821000,1777226066821000,-0.043628573,-0.0005390642,-9.819058
1777226066869000,1777226066869000,-0.037632503,-0.021569142,-9.795517
1777226066921000,1777226066921000,-0.018513361,-0.05328523,-9.81566
1777226066969000,1777226066969000,-0.011910511,-0.02928229,-9.79669
1777226067021000,1777226067021000,-0.011039076,-0.0169377,-9.774658
1777226067069000,1777226067069000,-0.015241118,-0.013492558,-9.788399
1777226067121000,1777226067121000,-0.0056013074,0.0012429595,-9.785754
1777226067169000,1777226067169000,-0.02807272,-0.010244306,-9.772332
1777226067221000,1777226067221000,0.010956869,0.022945719,-9.813465
1777226067269000,1777226067269000,-0.005898841,-0.03182171,-9.821146
1777226067321000,1777226067321000,0.027706938,-0.0041745785,-9.812454
1777226067369000,1777226067369000,0.025738686,0.012735006,-9.793432
1777226067421000,1777226067421000,-0.024134215,0.0137046045,-9.797703
1777226067469000,1777226067469000,0.022114322,-0.0051565245,-9.824667
1777226067521000,1777226067521000,-0.009882418,0.003981301,-9.84267
1777226067569000,1777226067569000,-0.022436459,-0.020345205,-9.845499
1777226067621000,1777226067621000,0.0050439076,-0.0032288725,-9.808796
1777226067669000,1777226067669000,-0.023445014,-0.002208882,-9.785433
1777226067721000,1777226067721000,-0.048321858,-0.020321524,-9.8207
1777226067769000,1777226067769000,0.013549194,0.0040957625,-9.83352
1777226067821000,1777226067821000,-0.04816311,-0.067934155,-9.767269
1777226067869000,1777226067869000,0.007497976,-0.0069544204,-9.7956505
1777226067921000,1777226067921000,0.011657593,-0.012814725,-9.8073435
1777226067969000,1777226067969000,0.027167099,-0.0007861841,-9.837807
1777226068021000,1777226068021000,-0.014340048,-0.015063298,-9.8227005
1777226068069000,1777226068069000,-0.024871195,-0.019807128,-9.840087
1777226068121000,1777226068121000,0.055731203,-0.021698555,-9.766319
1777226068169000,1777226068169000,-0.017101306,-0.033143245,-9.804692
1777226068221000,1777226068221000,0.040109094,-0.041549932,-9.759789
1777226068269000,1777226068269000,-0.015706064,-0.04499758,-9.806247
1777226068321000,1777226068321000,0.018080093,-0.0024748617,-9.808437
1777226068369000,1777226068369000,0.01979531,0.012343534,-9.876781
1777226068421000,1777226068421000,-0.013587551,-0.024034716,-9.811763
1777226068469000,1777226068469000,-0.036185235,-0.014159135,-9.819835
1777226068521000,1777226068521000,0.0025530811,0.013527726,-9.812678
1777226068569000,1777226068569000,-0.012096505,0.041262917,-9.822896
1777226068621000,1777226068621000,-0.0003248377,0.015931707,-9.771917
1777226068669000,1777226068669000,0.020749252,-0.050689224,-9.817478
1777226068721000,1777226068721000,0.013670179,-0.00527115,-9.792269
1777226068769000,1777226068769000,-0.031186758,0.03386712,-9.826128
1777226068821000,1777226068821000,-0.0073934956,0.017394321,-9.84639
1777226068869000,1777226068869000,0.012452977,0.014862761,-9.826374
1777226068921000,1777226068921000,0.021586213,-0.023280496,-9.820242
1777226068969000,1777226068969000,0.02666444,-0.023197325,-9.813995
1777226069021000,1777226069021000,-0.0020019303,-0.016075106,-9.82535
1777226069069000,1777226069069000,0.009410415,0.018118124,-9.775444
1777226069121000,1777226069121000,0.031835873,0.007329777,-9.765078
1777226069169000,1777226069169000,-0.0030148805,-0.0027647887,-9.834474
1777226069221000,1777226069221000,0.008905357,-0.009631625,-9.811737
1777226069269000,1777226069269000,-0.009276718,-0.014469379,-9.804737
1777226069321000,1777226069321000,-0.02616922,-0.011296457,-9.785111
1777226069369000,1777226069369000,0.042566873,-0.013765061,-9.879197
1777226069421000,1777226069421000,0.0106493095,0.026263155,-9.809314
1777226069469000,1777226069469000,-0.025383009,-0.006942842,-9.785586
1777226069521000,1777226069521000,-0.023735544,0.032768406,-9.793302
1777226069569000,1777226069569000,-0.025825385,-0.0028056735,-9.801067
1777226069621000,1777226069621000,-0.00944529,0.037461825,-9.823715
1777226069669000,1777226069669000,-0.0023806917,-0.022888834,-9.792588
1777226069721000,1777226069721000,-0.016234837,-0.007436522,-9.759237
1777226069769000,1777226069769000,-0.014053242,-0.029988645,-9.8188505
1777226069821000,1777226069821000,0.028657673,0.035492446,-9.788118
1777226069869000,1777226069869000,0.037611146,0.011326268,-9.813135
1777226069921000,1777226069921000,-0.0030643644,-0.034916982,-9.783904
1777226069969000,1777226069969000,-0.004817895,0.011681288,-9.810007
1777226070021000,1777226070021000,-0.003730071,-0.0051777195,-9.751508
1777226070069000,1777226070069000,-0.004073837,0.02352743,-9.792065
1777226070121000,1777226070121000,-0.019944074,-0.027170055,-9.829853
1777226070169000,1777226070169000,-0.019572295,-0.066375285,-9.830032
1777226070221000,1777226070221000,-0.037050694,0.026711786,-9.816569
1777226070269000,1777226070269000,0.022112671,-0.0005624891,-9.824042
1777226070321000,1777226070321000,-0.034315955,-0.019554503,-9.808239
1777226070369000,1777226070369000,-0.046486683,-0.00078187877,-9.768336
1777226070421000,1777226070421000,-0.022870975,-0.0067899735,-9.7969
1777226070469000,1777226070469000,0.0015374566,0.0080073215,-9.8212385
1777226070521000,1777226070521000,-0.05028403,0.030973352,-9.8344555
1777226070569000,1777226070569000,-0.0131189665,0.008278395,-9.821316
1777226070621000,1777226070621000,0.027558781,0.002611175,-9.81605
1777226070669000,1777226070669000,0.0888544,0.03954211,-9.817427
1777226070721000,1777226070721000,-0.018012716,-0.02572602,-9.763856
1777226070769000,1777226070769000,0.048853803,0.012907922,-9.798256
1777226070821000,1777226070821000,0.043547887,-0.025903251,-9.813385
1777226070869000,1777226070869000,-0.0059986776,-0.01727138,-9.822433
1777226070921000,1777226070921000,0.019470215,0.019333065,-9.76975
1777226070969000,1777226070969000,0.013007895,-0.017346779,-9.805472
1777226071021000,1777226071021000,0.010768201,0.02779954,-9.745843
1777226071069000,1777226071069000,0.0016418332,-0.023092968,-9.836296
1777226071121000,1777226071121000,0.03615819,0.009109848,-9.813035
1777226071169000,1777226071169000,0.029474618,-0.006672874,-9.860901
1777226071221000,1777226071221000,0.026927538,-0.0020773,-9.845857
1777226071269000,1777226071269000,0.026146641,0.0391311,-9.806214
1777226071321000,1777226071321000,0.03013562,0.004485433,-9.834381
1777226071369000,1777226071369000,0.020811087,-0.004289012,-9.829773
1777226071421000,1777226071421000,-0.002979544,0.0037528067,-9.858303
1777226071469000,1777226071469000,-0.016429007,0.02383057,-9.778803
1777226071521000,1777226071521000,0.035323694,0.05406926,-9.81332
1777226071569000,1777226071569000,0.008755584,0.020792527,-9.818353
1777226071621000,1777226071621000,0.0063156122,0.036366694,-9.793441
1777226071669000,1777226071669000,0.019745437,0.03615049,-9.782563
1777226071721000,1777226071721000,0.015885545,0.0025811102,-9.810533
1777226071769000,1777226071769000,-0.012427848,-0.026573598,-9.819142
1777226071821000,1777226071821000,0.029065758,-0.004386409,-9.80677
1777226071869000,1777226071869000,0.005525169,0.053751163,-9.793678
1777226071921000,1777226071921000,-0.016995896,0.00042590703,-9.817897
1777226071969000,1777226071969000,0.0052047237,0.05438945,-9.869355
1777226072021000,1777226072021000,0.05369273,0.04608126,-9.857283
1777226072069000,1777226072069000,0.014281065,0.011205432,-9.774973
1777226072121000,1777226072121000,0.033171866,0.0052335635,-9.767182
1777226072169000,1777226072169000,-0.010537546,0.011584209,-9.855349
1777226072221000,1777226072221000,-0.0024227514,-0.02284809,-9.813381
1777226072269000,1777226072269000,0.048207857,0.004280501,-9.819761
1777226072321000,1777226072321000,0.048074327,0.007818064,-9.751849
1777226072369000,1777226072369000,0.049139276,0.0018754468,-9.85416
1777226072421000,1777226072421000,0.007991413,0.023838524,-9.827756
1777226072469000,1777226072469000,0.009099411,0.007271136,-9.837803
1777226072521000,1777226072521000,0.0013087082,0.02973542,-9.803886
1777226072569000,1777226072569000,0.010313902,0.04635916,-9.830862
1777226072621000,1777226072621000,0.032373946,0.029213753,-9.848209
1777226072669000,1777226072669000,0.06827493,0.03864658,-9.850103
1777226072721000,1777226072721000,0.055546932,0.014250547,-9.790838
1777226072769000,1777226072769000,0.0457613,0.053869568,-9.909575
1777226072821000,1777226072821000,0.022003464,0.04191931,-10.066429
1777226072869000,1777226072869000,0.030639803,-0.014226767,-10.058654
1777226072921000,1777226072921000,0.03179604,0.025962196,-10.024343
1777226072969000,1777226072969000,0.042261988,0.019793108,-10.06505
1777226073021000,1777226073021000,0.016059238,0.07942243,-10.030983
1777226073069000,1777226073069000,0.06452936,0.10477595,-10.0068245
1777226073121000,1777226073121000,0.036281895,0.03743867,-10.053151
1777226073169000,1777226073169000,0.005682133,0.03590749,-10.055186
1777226073221000,1777226073221000,0.002270089,0.096538454,-10.054239
1777226073269000,1777226073269000,0.030333528,0.071241215,-10.068176
1777226073321000,1777226073321000,0.05769241,-0.008324275,-10.067883
1777226073369000,1777226073369000,0.019594068,0.007023213,-10.036268
1777226073421000,1777226073421000,0.04733587,0.026387606,-10.011607
1777226073469000,1777226073469000,0.033128224,0.05893355,-10.040438
1777226073521000,1777226073521000,-0.002772998,0.0011418043,-10.044568
1777226073569000,1777226073569000,0.017425554,0.022062343,-10.066675
1777226073621000,1777226073621000,0.055657484,0.03692452,-10.043373
1777226073669000,1777226073669000,0.028896764,0.03938458,-10.017391
1777226073721000,1777226073721000,0.061820634,0.053045888,-10.006544
1777226073769000,1777226073769000,-0.0005743004,-0.0040747845,-10.081905
1777226073821000,1777226073821000,0.023166787,0.037458256,-10.023197
1777226073869000,1777226073869000,0.0616904,0.018747633,-10.060837
1777226073921000,1777226073921000,0.042134315,0.038601495,-10.042289
1777226073969000,1777226073969000,0.0057569994,0.033922482,-10.059099
1777226074021000,1777226074021000,0.021731453,0.04839499,-10.062904
1777226074069000,1777226074069000,0.052535262,-0.02251747,-9.991283
1777226074121000,1777226074121000,0.040906668,0.028158963,-9.9955635
1777226074169000,1777226074169000,-0.014378661,0.021595249,-10.036997
1777226074221000,1777226074221000,0.0012515159,0.021100074,-10.029278
1777226074269000,1777226074269000,0.050954115,0.011204072,-9.965532
1777226074321000,1777226074321000,0.037952602,-0.0033108473,-9.998959
1777226074369000,1777226074369000,0.008345377,0.0032387138,-10.044235
1777226074421000,1777226074421000,0.017778244,0.03702913,-10.040534
1777226074469000,1777226074469000,0.046394076,-0.010161026,-10.008434
1777226074521000,1777226074521000,0.0245482,-0.0056772567,-10.052272
1777226074569000,1777226074569000,0.023313403,0.08057764,-10.0417795
1777226074621000,1777226074621000,0.022214293,0.016563095,-10.017754
1777226074669000,1777226074669000,-0.008793836,0.048779357,-9.983374
1777226074721000,1777226074721000,0.014508994,0.045027945,-9.967186
1777226074769000,1777226074769000,-0.020086614,0.0071656536,-10.002617
1777226074821000,1777226074821000,0.044939384,0.032926008,-9.955341
1777226074869000,1777226074869000,0.028828643,0.027377525,-9.999264
1777226074921000,1777226074921000,0.008039627,0.055477604,-9.971142
1777226074969000,1777226074969000,-0.064284615,-0.0006086014,-10.00951
1777226075021000,1777226075021000,-0.001148565,0.023569722,-9.973494
1777226075069000,1777226075069000,-0.008160182,-0.006881853,-9.975069
1777226075121000,1777226075121000,0.029473167,-0.0015234384,-9.991424
1777226075169000,1777226075169000,0.037011344,0.048115797,-10.0062
1777226075221000,1777226075221000,0.027107447,0.028408037,-9.992865
1777226075269000,1777226075269000,-0.023737753,-0.010314271,-9.957464
1777226075321000,1777226075321000,-0.010811528,0.019545605,-9.957978
1777226075369000,1777226075369000,-0.014955286,0.0035242927,-9.983396
1777226075421000,1777226075421000,0.049000908,0.04855754,-9.9147415
1777226075469000,1777226075469000,-0.015246753,0.014983343,-9.960663
1777226075521000,1777226075521000,-0.012012904,-0.0066949837,-9.959606
1777226075569000,1777226075569000,-0.0008886721,0.024544008,-10.032933
1777226075621000,1777226075621000,0.004243948,-0.006639104,-9.985736
1777226075669000,1777226075669000,-0.01125453,0.024011744,-9.919483
1777226075721000,1777226075721000,0.051180612,-0.048952747,-9.969423
1777226075769000,1777226075769000,-0.014275994,0.0599588,-9.9671135
1777226075821000,1777226075821000,-0.021606477,-0.0047744173,-9.966147
1777226075869000,1777226075869000,-0.00308202,0.0071944045,-9.94716
1777226075921000,1777226075921000,0.020731492,-0.03176555,-9.943825
1777226075969000,1777226075969000,0.030431718,-0.00022746623,-9.963951
1777226076021000,1777226076021000,-0.002771628,0.009295091,-9.981079
1777226076069000,1777226076069000,-0.014515935,0.010589652,-9.90967
1777226076121000,1777226076121000,0.051903814,-0.002372554,-9.921528
1777226076169000,1777226076169000,-0.008060263,-0.0029867967,-9.990963
1777226076221000,1777226076221000,0.023180766,-0.0056965556,-9.913227
1777226076269000,1777226076269000,0.03615185,-0.0014600353,-9.937453
1777226076321000,1777226076321000,0.028559096,0.011783435,-9.944907
1777226076369000,1777226076369000,0.014030469,0.016081627,-9.931195
1777226076421000,1777226076421000,0.00011315092,-0.02551432,-9.920302
1777226076469000,1777226076469000,0.046685595,-0.007138239,-9.947771
1777226076521000,1777226076521000,-0.03965169,0.0067163236,-9.920395
1777226076569000,1777226076569000,0.023777036,0.02539945,-9.96031
1777226076621000,1777226076621000,0.014712242,-0.051197544,-9.896099
1777226076669000,1777226076669000,0.0061695515,-0.031324215,-9.931679
1777226076721000,1777226076721000,-0.011851545,-0.037909497,-9.92674
1777226076769000,1777226076769000,-0.0024312497,0.04989311,-9.956787
1777226076821000,1777226076821000,0.009508824,0.027619002,-9.883011
1777226076869000,1777226076869000,0.007151897,-0.025105901,-9.92066
1777226076921000,1777226076921000,0.009557392,-0.020239973,-9.954067
1777226076969000,1777226076969000,0.024335245,0.024589619,-9.948763
1777226077021000,1777226077021000,-0.0076731117,0.030177157,-9.902414
1777226077069000,1777226077069000,-0.005975983,-0.019560298,-9.901856
1777226077121000,1777226077121000,-0.016455654,-0.002492294,-9.947556
1777226077169000,1777226077169000,0.011382163,0.03640721,-9.930187
1777226077221000,1777226077221000,-0.017084766,-0.009628341,-9.897284
1777226077269000,1777226077269000,0.031318873,-0.0078559965,-9.912462
1777226077321000,1777226077321000,0.012971345,-0.015771903,-9.908759
1777226077369000,1777226077369000,0.0013655964,-0.023722153,-9.906218
1777226077421000,1777226077421000,0.03133006,-0.004983935,-9.937383
1777226077469000,1777226077469000,0.008257566,0.0318917,-9.926664
1777226077521000,1777226077521000,0.009915302,0.011172442,-9.890653
1777226077569000,1777226077569000,0.0012781662,-0.00034420798,-9.849478
1777226077621000,1777226077621000,-0.014917397,-0.006470165,-9.806179
1777226077669000,1777226077669000,0.044537116,-0.05570785,-9.82523
1777226077721000,1777226077721000,-0.008430335,0.007955561,-9.792212
1777226077769000,1777226077769000,-0.0014086026,0.040584505,-9.78566
1777226077821000,1777226077821000,0.0014279615,0.0062484294,-9.781479
1777226077869000,1777226077869000,-0.009784782,-0.010926902,-9.805631
1777226077921000,1777226077921000,0.016396554,0.006204102,-9.783755
1777226077969000,1777226077969000,0.031416588,-0.0018565834,-9.856066
1777226078021000,1777226078021000,0.0031813653,0.027427956,-9.807781
1777226078069000,1777226078069000,0.009848146,0.0022928996,-9.815208
1777226078121000,1777226078121000,0.0015232966,-0.015056054,-9.793663
1777226078169000,1777226078169000,0.013891656,0.009324502,-9.799382
1777226078221000,1777226078221000,-0.02444552,0.03794451,-9.785049
1777226078269000,1777226078269000,-0.0036707583,0.010370272,-9.788662
1777226078321000,1777226078321000,0.015284853,0.03261642,-9.769619
1777226078369000,1777226078369000,0.0039615594,5.1973155e-05,-9.79825
1777226078421000,1777226078421000,0.02215132,-0.035462823,-9.786943
1777226078469000,1777226078469000,0.027038326,0.0048872186,-9.802215
1777226078521000,1777226078521000,-0.045918114,-0.0066838255,-9.811577
1777226078569000,1777226078569000,-0.010689758,-0.025906801,-9.847614
1777226078621000,1777226078621000,-0.0010398383,0.0026118788,-9.789286
1777226078669000,1777226078669000,0.060977984,-0.014501236,-9.833878
1777226078721000,1777226078721000,-0.014270173,0.03271972,-9.836533
1777226078769000,1777226078769000,0.0024733369,0.005139641,-9.810876
1777226078821000,1777226078821000,-0.047558725,-0.026479077,-9.7948885
1777226078869000,1777226078869000,-0.027459905,-0.022113489,-9.781014
1777226078921000,1777226078921000,0.023038885,-0.046283275,-9.798713
1777226078969000,1777226078969000,0.0045273863,0.011317136,-9.809493
1777226079021000,1777226079021000,0.0076682265,-0.019252772,-9.80369
1777226079069000,1777226079069000,0.007187397,-0.022025833,-9.806007
1777226079121000,1777226079121000,-0.036026474,-0.0065676407,-9.751282
1777226079169000,1777226079169000,-0.01680934,0.012828667,-9.858116
1777226079221000,1777226079221000,-0.038770307,-0.047074147,-9.80211
1777226079269000,1777226079269000,-0.04433234,-0.021832589,-9.788593
1777226079321000,1777226079321000,0.0075435415,0.029567728,-9.761202
1777226079369000,1777226079369000,0.046297994,-0.0091270255,-9.785091
1777226079421000,1777226079421000,0.06433386,-0.027981129,-9.798692
1777226079469000,1777226079469000,0.0043509086,0.045885764,-9.844519
1777226079521000,1777226079521000,0.041864313,0.027659424,-9.816693
1777226079569000,1777226079569000,-0.0030885935,0.008071148,-9.844954
1777226079621000,1777226079621000,0.0113152675,0.0151322875,-9.7924595
1777226079669000,1777226079669000,-0.0006079428,0.0013198501,-9.788525
1777226079721000,1777226079721000,-0.029266048,0.0015258654,-9.81632
1777226079769000,1777226079769000,0.0101220505,-0.04095769,-9.820017
1777226079821000,1777226079821000,-0.035260495,0.009914954,-9.870205
1777226079869000,1777226079869000,-0.019055486,-0.039292432,-9.785638
1777226079921000,1777226079921000,0.007936437,-0.032685976,-9.7958145
1777226079969000,1777226079969000,0.04941535,0.0030313765,-9.821648
1777226080021000,1777226080021000,-0.016292628,-0.02429683,-9.807404
1777226080069000,1777226080069000,0.015642561,-0.015637938,-9.856106
1777226080121000,1777226080121000,-0.012091069,-0.063716546,-9.885836
1777226080169000,1777226080169000,0.029356072,-0.0026709866,-9.847829
1777226080221000,1777226080221000,-0.027127188,0.015072933,-9.798947
1777226080269000,1777226080269000,-0.022395212,-0.0761699,-9.832705
1777226080321000,1777226080321000,-0.026943507,0.00823777,-9.856579
1777226080369000,1777226080369000,-0.016807146,-0.0058011077,-9.804954
1777226080421000,1777226080421000,0.010750604,0.0388959,-9.80337
1777226080469000,1777226080469000,0.0003392239,-0.002845663,-9.881423
1777226080521000,1777226080521000,-0.00082156446,0.0012003412,-9.80852
1777226080569000,1777226080569000,0.01986173,0.0002942239,-9.8262005
1777226080621000,1777226080621000,0.010662091,-0.024044903,-9.821018
1777226080669000,1777226080669000,0.021268854,-0.0031461036,-9.773876
1777226080721000,1777226080721000,-0.0074723107,0.009639355,-9.818097
1777226080769000,1777226080769000,-0.021067625,0.042371627,-9.810068
1777226080821000,1777226080821000,0.0016422315,0.033822566,-9.84375
1777226080869000,1777226080869000,0.010942094,-0.012234953,-9.778262
1777226080921000,1777226080921000,0.012023188,0.044856466,-9.811362
1777226080969000,1777226080969000,0.023965549,-0.010433321,-9.817668
1777226081021000,1777226081021000,0.00087854883,-0.012563153,-9.795853
1777226081069000,1777226081069000,-0.022812463,-0.0044864872,-9.803421
1777226081121000,1777226081121000,0.022402985,-0.027892949,-9.791639
1777226081169000,1777226081169000,0.02376113,0.003832042,-9.812267
1777226081221000,1777226081221000,-0.0046688877,0.0032263922,-9.791438
1777226081269000,1777226081269000,0.009562894,0.032458194,-9.824995
1777226081321000,1777226081321000,0.014126464,-0.022398,-9.817877
1777226081369000,1777226081369000,0.017582148,0.04615251,-9.817436
1777226081421000,1777226081421000,-0.011148428,0.013186138,-9.836623
1777226081469000,1777226081469000,0.057239477,-0.011203546,-9.792566
1777226081521000,1777226081521000,-0.030411981,0.003398659,-9.813578
1777226081569000,1777226081569000,0.0039007615,0.01118999,-9.8840885
1777226081621000,1777226081621000,-0.031027524,-0.009294644,-9.742397
1777226081669000,1777226081669000,0.013501797,0.0010520164,-9.826632
1777226081721000,1777226081721000,0.029299399,-0.0129491985,-9.813873
1777226081769000,1777226081769000,0.017831167,-0.021015115,-9.846293
1777226081821000,1777226081821000,0.010012923,0.010391064,-9.814484
1777226081869000,1777226081869000,0.0054776305,-0.009157784,-9.856512
1777226081921000,1777226081921000,0.0019950452,0.018125491,-9.810587
1777226081969000,1777226081969000,0.026875645,-0.029020606,-9.787734
1777226082021000,1777226082021000,0.03763098,-0.0733676,-9.796303
1777226082069000,1777226082069000,-0.0007933746,0.014250648,-9.810619
1777226082121000,1777226082121000,0.011673999,0.0052803643,-9.759529
1777226082169000,1777226082169000,-0.014824742,0.011604876,-9.854612
1777226082221000,1777226082221000,0.03298824,-0.008168297,-9.773632
1777226082269000,1777226082269000,0.013945739,0.027639078,-9.78309
1777226082321000,1777226082321000,-0.010896219,0.0071581556,-9.824068
1777226082369000,1777226082369000,-0.024160849,0.0050262064,-9.7677765
1777226082421000,1777226082421000,0.01956264,-0.041359913,-9.803868
1777226082469000,1777226082469000,-0.0070009828,0.0053387475,-9.807323
1777226082521000,1777226082521000,-0.002901968,-0.00086923875,-9.787927
1777226082569000,1777226082569000,-0.025261138,-0.03618854,-9.797398
1777226082621000,1777226082621000,-0.042063754,0.0129554635,-9.801728
1777226082669000,1777226082669000,-0.010747587,-0.038250804,-9.770527
1777226082721000,1777226082721000,-0.0044877427,0.027717274,-9.784804
1777226082769000,1777226082769000,-0.009895344,-0.020497402,-9.816768
1777226082821000,1777226082821000,0.0023426968,-0.011711191,-9.855351
1777226082869000,1777226082869000,0.022214353,0.004492555,-9.843073
1777226082921000,1777226082921000,0.011575042,0.033929486,-9.802984
1777226082969000,1777226082969000,-0.021039188,-0.00691119,-9.817137
1777226083021000,1777226083021000,0.0028430063,-0.0050861137,-9.769941
1777226083069000,1777226083069000,0.023065418,-0.0072803665,-9.788563
1777226083121000,1777226083121000,-0.0075891856,-0.03160736,-9.816881
1777226083169000,1777226083169000,-0.018303614,0.0068024993,-9.8363
1777226083221000,1777226083221000,0.010696391,-0.017630555,-9.79701
1777226083269000,1777226083269000,-0.035517745,-0.003886084,-9.824816
1777226083321000,1777226083321000,0.0101525,0.014452365,-9.79145
1777226083369000,1777226083369000,-0.0242792,-0.012528764,-9.826454
1777226083421000,1777226083421000,0.017352957,-0.01797365,-9.798415
1777226083469000,1777226083469000,-0.007800173,-0.024422346,-9.760382
1777226083521000,1777226083521000,-0.0056353044,-0.0067275665,-9.789902
1777226083569000,1777226083569000,-0.027869876,0.009559209,-9.774255
1777226083621000,1777226083621000,-0.02507377,-0.020862397,-9.791619
1777226083669000,1777226083669000,0.0070129284,0.023713361,-9.797277
1777226083721000,1777226083721000,-0.05698519,0.03742439,-9.825964
1777226083769000,1777226083769000,0.025575185,-0.009100761,-9.809215
1777226083821000,1777226083821000,-0.03251203,0.0015567914,-9.81851
1777226083869000,1777226083869000,-0.028162865,0.0073358254,-9.817924
1777226083921000,1777226083921000,-0.058405284,-0.026539795,-9.836836
1777226083969000,1777226083969000,0.032759927,-0.013444984,-9.777033
1777226084021000,1777226084021000,-0.018726228,-0.027461391,-9.816699
1777226084069000,1777226084069000,-0.0014531421,-0.017444309,-9.825639
1777226084121000,1777226084121000,-0.013266813,-0.017281704,-9.836861
1777226084169000,1777226084169000,0.051923886,0.04751259,-9.834208
1777226084221000,1777226084221000,0.009220777,0.011659771,-9.813356
1777226084269000,1777226084269000,-0.02065814,-0.02116675,-9.846365
1777226084321000,1777226084321000,0.011374863,0.03211322,-9.783676
1777226084369000,1777226084369000,-0.029783912,0.029212836,-9.802645
1777226084421000,1777226084421000,0.040007077,-0.02477036,-9.846652
1777226084469000,1777226084469000,0.0058061536,0.007094317,-9.791326
1777226084521000,1777226084521000,-0.039490126,0.026262898,-9.81256
1777226084569000,1777226084569000,-0.01617651,-0.0033743787,-9.802729
1777226084621000,1777226084621000,-0.004070762,-0.027534045,-9.765601
1777226084669000,1777226084669000,-0.0048702257,-0.014693301,-9.807079
1777226084721000,1777226084721000,0.018010411,-0.0015545973,-9.793238
1777226084769000,1777226084769000,-0.023760324,-0.042069092,-9.809037
1777226084821000,1777226084821000,-0.029359989,0.011890195,-9.793408
1777226084869000,1777226084869000,0.051066745,-0.0077941692,-9.809863
1777226084921000,1777226084921000,0.008415056,-0.011771327,-9.808686
1777226084969000,1777226084969000,-0.030227687,-0.04151681,-9.813481
1777226085021000,1777226085021000,0.017885745,-0.01376378,-9.816013
1777226085069000,1777226085069000,0.0063665546,0.006039449,-9.771183
1777226085121000,1777226085121000,-0.011030189,-0.02823972,-9.841597
1777226085169000,1777226085169000,0.029484263,0.039793,-9.805283
1777226085221000,1777226085221000,0.052398555,0.06601018,-9.834138
1777226085269000,1777226085269000,0.01776481,0.02638887,-9.77994
1777226085321000,1777226085321000,0.048817903,0.030462299,-9.872391
1777226085369000,1777226085369000,0.055097282,0.009641039,-9.778891
1777226085421000,1777226085421000,0.030102614,0.020409945,-9.788118
1777226085469000,1777226085469000,0.005555558,0.048299983,-9.8129635
1777226085521000,1777226085521000,0.04703379,0.007015371,-9.778901
1777226085569000,1777226085569000,0.023953505,0.0477364,-9.787694
1777226085621000,1777226085621000,0.06493826,-0.021820493,-9.807999
1777226085669000,1777226085669000,0.009684295,0.029908575,-9.781456
1777226085721000,1777226085721000,0.021494046,0.02126152,-9.799711
1777226085769000,1777226085769000,0.028256474,0.007046436,-9.826116
1777226085821000,1777226085821000,0.075036675,0.0071281316,-9.785877
1777226085869000,1777226085869000,0.003436435,0.028999835,-9.778627
1777226085921000,1777226085921000,0.029457927,0.008735645,-9.84488
1777226085969000,1777226085969000,0.024994623,0.04030759,-9.816888
1777226086021000,1777226086021000,0.049617507,0.011991121,-9.796501
1777226086069000,1777226086069000,0.02277395,0.016899882,-9.8176365
1777226086121000,1777226086121000,0.029025057,0.02095965,-9.807341
1777226086169000,1777226086169000,0.008481257,0.009221878,-9.819965
1777226086221000,1777226086221000,0.023469899,0.034488983,-9.838216
1777226086269000,1777226086269000,0.011812498,0.010186091,-9.798326
1777226086321000,1777226086321000,0.013757892,0.0073926495,-9.835349
1777226086369000,1777226086369000,4.865229e-05,0.012111711,-9.8147545
1777226086421000,1777226086421000,0.025549013,-0.0009236331,-9.836254
1777226086469000,1777226086469000,0.024359532,0.0016594396,-9.839055
1777226086521000,1777226086521000,0.008133257,0.048605427,-9.80004
1777226086569000,1777226086569000,0.05992396,0.041830987,-9.817107
1777226086621000,1777226086621000,0.036925457,0.00769443,-9.815502
1777226086669000,1777226086669000,-0.0058622123,0.030281406,-9.856568
1777226086721000,1777226086721000,0.0116165485,0.021307461,-9.820093
1777226086769000,1777226086769000,0.025780942,0.04292553,-9.827219
1777226086821000,1777226086821000,0.007293113,0.030349325,-9.829038
1777226086869000,1777226086869000,0.028575484,-0.03858684,-9.778036
1777226086921000,1777226086921000,0.016987156,-0.017635364,-9.802989
1777226086969000,1777226086969000,0.04712179,0.03596409,-9.79644
1777226087021000,1777226087021000,0.016560467,0.026572995,-9.844927
1777226087069000,1777226087069000,0.0061852885,0.052884206,-9.814571
1777226087121000,1777226087121000,-0.011372508,0.031150334,-9.82189
1777226087169000,1777226087169000,0.047483437,0.026644904,-9.798128
1777226087221000,1777226087221000,0.018760562,0.056810804,-9.801557
1777226087269000,1777226087269000,0.009314325,0.03564702,-9.789437
1777226087321000,1777226087321000,0.010405761,0.023086108,-9.857143
1777226087369000,1777226087369000,0.0104765985,0.024622438,-9.841814
1777226087421000,1777226087421000,0.023885213,0.07375338,-9.833822
1777226087469000,1777226087469000,0.0654238,0.05852504,-9.793201
1777226087521000,1777226087521000,0.0030775003,0.029821914,-9.819858
1777226087569000,1777226087569000,-0.027359938,0.037197683,-9.828183
1777226087621000,1777226087621000,0.040218897,0.0022716112,-9.822003
1777226087669000,1777226087669000,0.005650536,0.00021684752,-9.8041115
1777226087721000,1777226087721000,0.046269596,0.03315117,-9.779643
1777226087769000,1777226087769000,0.033452686,0.03908156,-9.820862
1777226087821000,1777226087821000,-0.011963952,0.03992215,-9.802055
1777226087869000,1777226087869000,0.027786827,0.05257491,-9.760723
1777226087921000,1777226087921000,0.012734785,0.039382894,-9.782625
1777226087969000,1777226087969000,-0.022639798,0.045161914,-9.782946
1777226088021000,1777226088021000,-0.014102617,0.03609998,-9.790232
1777226088069000,1777226088069000,0.029533803,0.0020144023,-9.8311
1777226088121000,1777226088121000,0.009337908,0.065902695,-9.816946
1777226088169000,1777226088169000,0.06556176,0.030287486,-9.790848
1777226088221000,1777226088221000,0.009473881,0.026036525,-9.7795315
1777226088269000,1777226088269000,-0.0022475738,0.0099395905,-9.829069
1777226088321000,1777226088321000,0.00833126,-0.0028247538,-9.795506
1777226088369000,1777226088369000,0.02273973,-0.004091408,-9.797914
1777226088421000,1777226088421000,0.057844236,0.02364243,-9.81334
1777226088469000,1777226088469000,0.020674221,0.007399755,-9.83779
1777226088521000,1777226088521000,0.028585225,0.01759987,-9.8574
1777226088569000,1777226088569000,0.02466708,0.026647262,-9.835949
1777226088621000,1777226088621000,0.036053885,0.015981894,-9.803621
1777226088669000,1777226088669000,0.011827759,0.04543428,-9.83614
1777226088721000,1777226088721000,0.04409466,0.03745616,-9.79821
1777226088769000,1777226088769000,0.026874255,0.01245283,-9.799583
1777226088821000,1777226088821000,0.03283497,0.07120337,-9.846834
1777226088869000,1777226088869000,0.002476649,0.051100783,-9.796129
1777226088921000,1777226088921000,0.008631398,0.030020937,-9.800952
1777226088969000,1777226088969000,0.04053256,0.062428385,-9.807358
1777226089021000,1777226089021000,-0.028966334,-0.03330194,-9.863611
1777226089069000,1777226089069000,-0.012990136,0.023793735,-9.764706
1777226089121000,1777226089121000,0.05640109,-0.00542305,-9.788658
1777226089169000,1777226089169000,0.021122575,-0.046939988,-9.832947
1777226089221000,1777226089221000,0.01499332,0.044608604,-9.845615
1777226089269000,1777226089269000,0.030662628,0.016666334,-9.844074
1777226089321000,1777226089321000,0.046004847,0.013658248,-9.804534
1777226089369000,1777226089369000,0.014775323,0.019805286,-9.86064
1777226089421000,1777226089421000,0.048307795,0.009792326,-9.862713
1777226089469000,1777226089469000,0.035233922,0.022414898,-9.850083
1777226089521000,1777226089521000,0.03124334,0.029274378,-9.778584
1777226089569000,1777226089569000,0.018713066,0.057837278,-9.78651
1777226089621000,1777226089621000,0.022611158,0.02796385,-9.8464575
1777226089669000,1777226089669000,0.01236989,0.020017609,-9.8169
1777226089721000,1777226089721000,0.023343924,0.053053457,-9.818052
1777226089769000,1777226089769000,0.033690047,0.017980704,-9.791878
1777226089821000,1777226089821000,-0.008434337,0.015413886,-9.804544
1777226089869000,1777226089869000,0.011701727,0.080651194,-9.811003
1777226089921000,1777226089921000,0.00966364,0.0144460425,-9.811038
1777226089969000,1777226089969000,0.0095061995,0.049571425,-9.829257
1777226090021000,1777226090021000,-0.015849285,0.034492537,-9.826185
1777226090069000,1777226090069000,0.030902784,0.07280379,-9.808711
1777226090121000,1777226090121000,-0.0015056804,0.019197129,-9.846844
1777226090169000,1777226090169000,-0.0033505121,0.040736895,-9.818848
1777226090221000,1777226090221000,-0.0010645577,0.0023353933,-9.8208065
1777226090269000,1777226090269000,0.026282435,0.008305753,-9.835789
1777226090321000,1777226090321000,0.048475433,0.051332355,-9.845168
1777226090369000,1777226090369000,0.032601357,0.00267722,-9.8246765
